5.4088
75.0921
-83.7463
164.401
-44.6137
100.154
14.3429
-6.07301
-147.109
178.804
-389.725
42.9816
54.4873
-70.3443
61.3726
8.93737
86.9337
64.4309
-16.427
19.571
-35.1098
55.8776
72.1011
-85.603
-279.192
-29.065
32.3041
-15.2217
88.0364
53.5643
24.3902
38.4534
-39.0335
52.8519
4.96679
43.8567
53.6976
69.5508
-70.644
85.0194
-406.97
-21.5438
15.7063
-17.3554
59.8969
-8.20849
137.531
46.7614
-43.7532
-5.77622
37.2121
-25.626
93.9797
24.4842
19.8041
-369.008
382.533
71.9305
-434.036
25.7277
-9.49257
55.3838
57.6242
18.6798
-27.8623
75.1699
20.4435
99.7852
-75.3319
62.0023
-43.7847
84.2414
9.01028
71.4957
-390.248
429.327
-391.094
-87.4101
103.766
3.37438
-25.7167
115.329
-52.3645
126.445
54.6489
-48.6544
32.3286
48.8042
52.2336
-7.29579
54.9655
-48.0187
52.9713
-436.95
98.7218
15.4803
-63.1486
72.0271
-12.5852
28.6719
8.12235
55.8965
125.931
-18.0247
-17.3489
72.976
-14.0945
68.4917
26.8992
-462.874
53.3205
-27.7744
13.9586
78.9557
21.0256
93.8101
-56.9662
-7.26537
92.1968
-43.1174
119.089
-13.3984
-21.2381
68.6766
-43.4125
145.379
-13.1568
-483.994
48.762
-28.5149
115.997
33.3103
-59.9559
77.9241
52.3824
17.01
6.68791
4.31383
68.6253
-28.8761
63.3411
114.71
-48.104
-142.455
-229.209
-4.67708
39.6135
25.2848
-64.4832
120.083
-49.0004
96.0135
-39.4211
142.78
-3.53513
3.56301
18.9719
76.7815
-26.8043
58.0104
-18.9939
25.5596
-456.945
56.832
-7.79276
35.932
103.698
-14.8776
2.80287
-7.40951
122.097
69.3345
-55.078
-16.374
97.7203
-72.2095
109.757
11.2002
48.8959
-426.115
-64.8293
53.9789
34.1795
20.0288
82.2794
-14.0498
7.73731
33.5852
24.1801
31.2364
16.2067
17.6588
114.092
-344.561
384.126
8.16488
-451.175
67.1195
-79.1549
39.4059
34.4102
49.1503
38.2596
3.85401
34.0688
110.511
-130.393
136.6
-19.1311
50.8763
66.4649
-31.2719
68.1957
7.55302
-6.34387
-33.3613
-411.909
57.6735
45.3525
70.4322
-6.89292
20.6013
28.0534
59.0012
17.0901
-36.1498
-42.4526
114.803
72.7746
29.3292
-16.4943
-381.307
153.96
-139.117
11.9289
82.059
-6.85433
-0.73229
40.099
45.7695
94.0619
-39.8638
-40.5144
42.693
91.0769
-105.021
144.194
-22.219
34.4658
-416.175
25.5088
2.47529
414.115
-370.008
34.9661
64.7172
3.16635
29.3304
14.4374
67.375
15.6997
-19.7572
117.785
-12.0157
-52.2362
77.2579
32.4385
17.6935
-399.99
-17.749
-58.7564
101.457
3.9323
40.9625
43.18
64.657
-109.024
122.696
44.7441
30.0527
63.5815
-49.5183
36.8533
82.2906
6.71312
-89.7327
-367.413
84.2833
-36.9374
-17.1463
48.4306
93.4827
11.7204
1.05527
7.59549
85.3344
46.2116
-43.0799
37.0447
81.1851
-9.27478
48.3489
14.5291
-0.704861
-481.466
57.8061
67.1946
-7.85469
7.72164
38.3665
53.6588
24.5629
-40.6463
107.247
-9.9156
4.29197
-0.212661
55.4528
75.733
18.7011
-9.29139
24.751
22.9963
-309.983
-135.717
183.979
27.9984
-106.881
129.098
-63.134
-42.615
51.0249
65.1413
60.1443
-35.9037
78.7777
-30.3134
61.157
21.3485
-429.439
39.821
-22.6721
77.9997
-27.3603
24.0624
1.00292
123.888
-53.7471
42.6672
33.5801
43.5636
67.819
-200.94
239.554
4.17943
56.3718
-451.539
428.746
17.0045
1.73895
-388.857
-14.0762
6.19006
42.6006
90.7336
-58.5195
53.0214
72.6941
3.78365
12.5614
43.2745
-10.9302
96.0603
37.896
-66.3644
11.3804
1.14907
-381.37
14.3786
-7.05711
279.441
-98.9613
-51.2034
8.03103
57.9652
2.67723
12.3366
6.1053
76.2529
63.933
23.753
-22.5021
4.11746
106.096
-473.881
443.11
-21.8326
-326.992
-86.8617
93.105
16.248
-20.8396
104.764
3.20353
28.8431
91.5137
-45.8107
8.54541
40.1976
30.678
54.3924
45.2316
-44.4671
-398.495
282.129
131.004
-422.765
86.1989
6.21001
64.005
0.38486
14.2616
48.6246
48.4938
-7.29387
92.434
-36.1793
27.43
104.184
-78.4523
8.02391
20.8405
-401.45
4.88746
111.51
-20.4187
44.7201
-5.54089
-81.2003
165.279
-41.336
46.7238
37.4207
21.8823
-34.3088
109.537
-101.418
110.824
16.2137
-18.3904
-378.384
139.578
-140.851
9.22447
49.3903
-3.17043
-13.029
108.023
45.6594
46.5505
-3.19012
-44.4037
85.4673
13.2575
-3.40046
87.8686
19.3452
-12.1371
46.8717
-47.1121
55.4352
-398.35
53.9937
-30.9031
42.1175
-33.6092
109.892
-80.5337
130.943
2.59181
-3.90011
107.636
-9.26138
-119.566
113.559
37.7348
30.2893
75.0446
2.7786
-331.24
247.069
-366.472
45.714
20.6998
-27.3407
102.69
36.3262
50.7349
-50.392
48.1869
90.6525
-51.5374
-25.9775
26.0177
55.3105
76.0014
2.11173
-17.9702
68.691
-462.815
82.5221
-58.2917
49.7066
24.5096
62.5555
0.983763
19.3793
-8.60298
6.68933
81.6399
7.451
28.9001
-52.1741
122.391
88.79
-81.9888
56.2827
-4.608
54.9023
-12.3901
-395.516
391.323
-447.856
118.755
-30.814
52.8914
7.06319
-5.85661
74.8075
-18.0506
118.195
103.403
-79.1513
29.7663
68.4117
-44.2875
62.2609
3.82572
-9.6019
-446.267
22.8049
61.5908
21.4269
-18.4011
39.4937
2.40477
17.3863
57.8144
47.2909
17.0188
12.7826
45.6941
27.9058
-17.0618
28.1262
-10.0789
22.6916
-374.87
-29.5777
421.544
-412.906
106.769
-9.39312
53.5004
-20.011
90.8557
-57.9016
97.9346
61.444
-29.9144
84.9414
-41.0879
131.423
-188.058
121.336
-0.00842996
-207.968
-177.843
14.2639
10.1012
57.028
-10.8876
14.9337
54.9472
1.82237
-28.6511
93.2493
11.2604
116.778
-110.652
46.0981
73.7293
61.5011
-268.635
263.35
60.9447
-8.81794
-484.132
83.3181
21.5479
2.20005
-9.40059
55.6299
23.0963
19.6577
7.59524
-22.905
38.2839
96.8112
-11.9652
-10.282
64.4134
-4.66885
114.14
-36.853
23.9553
-6.29575
50.554
-63.0077
-313.597
-38.1522
28.8953
-13.9017
10.8654
90.7037
-30.1175
107.193
1.46404
-18.9922
67.6002
-17.7986
59.6356
-44.1743
-324.457
152.119
284.404
-1.28054
-399.887
20.0819
-22.4376
20.8899
81.5182
-91.2968
100.46
17.8329
-20.9378
49.2919
-35.0969
252.3
-97.7936
103.025
-93.0282
81.018
36.4856
25.3387
25.0639
-37.5474
36.5061
-3.02612
-329.854
-140.117
89.3067
36.4379
22.4565
-13.2038
40.3189
43.3789
22.2007
74.7969
-57.7277
-164.101
341.783
-64.9613
69.6919
-24.4201
-42.6982
-362.989
461.502
-5.7684
-453.936
104.877
13.7092
72.2319
-30.5142
-120.953
127.286
19.3078
35.5937
37.0432
-71.9764
102.867
-33.7082
118.214
-14.9977
9.68063
17.1589
51.8844
-3.21993
-418.137
425.727
-297.55
-67.9341
62.2793
6.82842
-8.02927
-6.77683
83.7358
-24.3565
-22.5213
133.49
-23.8902
45.5467
25.0053
2.98187
67.3567
-2.36825
12.4393
-6.73093
-422.353
471.053
-456.783
452.027
-403.978
53.4566
29.4765
76.6586
-63.6363
18.7702
36.4551
35.0228
39.5651
-33.0363
0.58079
54.2854
17.6182
49.2783
27.2374
32.8881
6.36363
4.98899
-463.129
67.1114
417.333
-408.028
56.6327
-3.67927
-10.2786
90.9685
41.1356
25.4961
-77.8731
17.843
148.832
-51.4926
65.7092
-37.843
56.9179
-8.8467
23.5822
-411.832
482.41
3.14624
-451.523
-1.72282
71.4837
-5.61307
-2.81794
141.027
-55.0191
46.4213
-27.4012
71.0231
-2.87444
39.2505
22.5625
-46.1101
50.2438
78.1647
-96.267
97.1267
-6.51061
-418.885
453.811
-387.603
-26.9027
69.1746
352.109
-288.902
235.252
-307.069
102.126
88.2959
-36.4387
5.21245
22.959
44.8667
32.1328
37.9538
47.8188
-107.812
118.838
15.5933
-45.9415
-418.384
31.3102
47.5846
-44.7146
18.1345
58.182
37.2957
249.449
-257.639
30.7308
78.2035
40.1814
-12.6316
-12.9413
66.5048
90.9922
-40.218
29.2916
25.7566
-20.6298
58.3875
-444.131
-22.8312
22.8969
454.098
-318.403
-61.7085
23.2985
21.8806
109.14
-52.6522
-17.3878
64.4418
48.247
96.9382
-26.4716
-27.1567
-18.1586
51.8639
85.3475
-33.4177
17.9911
-395.455
438.599
-1.41566
-427.883
-12.0902
51.5862
0.737759
22.6542
55.3874
-51.6789
104.107
-7.56372
46.5367
4.72074
2.35117
-32.3528
102.029
47.2249
-52.2537
97.5656
-17.1098
-3.57159
39.6792
-431.347
63.464
-39.6537
16.2391
86.7427
-13.6979
28.9761
-43.4782
65.7866
107.876
-15.881
65.1837
-46.0008
34.8538
-8.31521
52.2536
23.5422
69.6028
-77.7778
-54.1925
119.337
-428.248
439.24
6.70029
-408.015
-2.35174
25.953
42.6038
43.8079
-69.5138
117.705
13.1468
167.132
-157.871
-0.302246
-0.0504195
41.2761
63.802
-190.725
-164.47
33.6308
336.204
-369.628
52.2665
-61.7653
39.901
11.3585
68.6256
-34.6463
17.938
84.7522
-58.1822
53.6775
108.042
-45.8962
28.8343
2.49938
27.364
122.934
-0.0997933
-45.9537
74.2321
-3.53129
-75.2338
79.1862
38.078
-455.175
62.4772
-49.0495
25.7681
14.9759
-19.712
27.9443
371.892
-284.565
74.2588
-73.4191
109.948
-20.0436
15.5757
69.8152
-11.3919
66.339
-44.2517
-5.53441
28.8624
59.9889
-449.054
29.2005
42.4637
-20.6552
16.0034
372.184
-259.98
-43.0222
49.8077
57.829
-25.7175
-14.2061
50.8576
-22.9197
65.3832
27.0188
-16.6864
22.5034
35.1511
-368.265
441.467
-10.5198
-400.102
381.113
43.8587
-373.167
8.35781
35.9379
-47.9044
76.434
80.6718
-70.675
-27.8606
35.875
77.1554
17.525
4.93677
10.4012
6.20465
74.7149
-29.1317
33.7029
67.9926
19.5593
10.7531
-50.2905
-370.177
20.3456
12.9685
21.3592
-35.2665
-5.16983
71.8286
3.4549
-0.46604
54.2759
112.988
-34.0459
-23.1338
71.1785
-66.9762
135.177
-154.088
164.536
-49.149
-352.84
416.821
59.5639
-438.2
-7.75734
58.3281
-14.2417
-5.54474
270.946
-266.63
67.6458
54.2494
-53.5695
43.8083
87.2753
-61.4572
90.6886
-64.0319
112.261
-45.2934
83.2001
57.5938
-62.586
1.25855
97.777
-99.7239
68.9079
-331.244
-69.9062
-34.7669
218.263
-77.3827
-42.793
74.2358
142.239
-174.991
79.5529
21.0794
-120.913
181.095
60.214
-93.7739
80.6119
96.7766
-45.7313
-12.1578
94.085
-496.167
490.139
-483.943
477.992
-390.813
15.824
3.86889
79.3851
-6.8019
-72.1731
62.0604
75.4794
121.875
-72.744
-35.6162
73.079
35.3464
-0.267292
53.1048
58.4357
-67.7053
-416.55
484.543
1.82135
-423.224
-59.2388
139.313
-46.8416
60.9747
31.3473
-108.533
106.388
5.62981
-129.181
223.154
4.07156
-8.90305
21.5047
33.5657
26.0439
26.107
-56.0821
21.1021
137.279
-474.093
438.886
-387.06
423.737
-404.687
35.7407
53.7017
-117.476
163.808
13.734
-2.20663
-28.9502
62.2012
131.584
-105.963
51.9312
-52.7884
41.3909
84.1699
-5.9967
-151.238
155.426
-392.455
453.236
-50.3535
-282.948
-6.9048
-73.2441
94.0565
-55.4405
82.5828
3.45854
-94.7086
143.925
29.1386
65.7324
138.445
-153.779
56.0218
55.3243
-90.5671
87.6839
-1.10617
-30.0582
40.8699
45.808
-407.366
42.0598
-12.2272
-15.9482
25.7465
142.698
-68.5502
-46.4626
103.756
10.5361
7.35212
58.3369
38.3299
-24.543
58.1124
89.2789
-87.5748
51.2933
49.6094
-496.165
67.1288
-49.7912
102.346
-5.62671
-95.3866
78.689
98.3721
-14.1057
6.06904
-133.431
197.362
-80.2912
253.023
-182.543
-9.16573
132.811
52.5641
-57.8397
-355.763
485.871
-32.9922
-422.368
7.22498
18.5406
12.1093
54.8517
65.731
-10.3947
1.78086
30.4126
-25.9266
110.801
-28.6858
73.8057
-23.4308
49.0542
-35.6629
107.565
25.0283
-47.6225
25.8831
-411.585
460.91
-77.6645
76.0976
-386.385
-30.8031
-15.6136
281.866
-162.228
41.8622
114.48
37.3849
-135.989
83.1507
8.15295
20.9224
91.0157
-8.58045
-80.507
26.387
105.227
-19.8016
17.6763
-450.725
47.4232
45.3447
-84.6982
90.5758
16.4897
56.6377
64.7315
-20.7039
16.6113
66.6469
-19.048
-6.06452
55.9929
31.9026
-26.244
67.4397
-19.1157
59.7198
-437.114
-19.2467
12.0364
203.084
-141.743
38.5134
-4.41704
48.4787
60.6918
-15.4805
78.5773
0.882311
77.9776
-63.2226
29.2103
39.1316
-7.67356
89.7881
-454.946
15.8266
455.824
-4.02847
-407.199
23.0381
32.6505
-36.7175
34.445
21.1658
64.398
-25.8925
78.1545
-2.03085
34.5464
-31.3509
21.9429
73.2204
21.98
11.5563
7.63867
-182.967
222.664
-431.956
-5.75178
21.7366
59.9147
7.40578
37.3266
-23.1094
62.0761
-56.6107
-84.8231
129.963
105.302
60.5507
-6.91503
-5.85776
27.592
111.184
-65.6818
63.3542
27.7817
-472.677
39.8508
455.843
-414.457
-22.2668
68.9162
-18.026
29.4146
23.3794
61.5326
-36.2476
44.8113
-5.12603
108.797
-45.2233
9.90132
84.7125
40.9719
13.2519
-379.517
-3.5521
-3.73027
48.6094
-45.4648
85.1747
13.1377
7.42122
49.2178
-38.8364
27.2765
-37.0999
43.3683
89.1495
12.1582
85.8183
-58.3459
114.891
-9.22393
24.8408
-73.0203
53.8988
4.07353
-430.752
18.6121
45.0895
31.9291
-7.82336
42.506
85.6278
-32.0886
10.9548
107.763
-118.097
187.694
-25.6097
13.6972
40.0682
39.5146
-416.377
361.316
94.9159
-434.591
-31.0144
-22.4814
21.6566
105.339
48.0892
-48.8139
137.471
-106.978
89.9201
7.84462
-21.1141
-5.00299
86.8831
-28.701
138.6
-19.5109
65.7433
-90.5487
73.5718
-458.41
43.4946
10.6178
-14.6403
61.4329
-84.7867
149.98
-72.1276
86.0411
79.8114
17.7852
42.7349
2.87613
25.7549
15.3894
-17.9533
33.3339
107.212
-487.014
468.683
-440.125
42.1578
29.1221
-32.725
-28.4218
145.793
-28.73
22.8029
78.5747
-22.4489
146.018
-58.2297
-81.6582
150.219
-20.2389
11.2431
101.82
-55.5866
-407.41
394.447
-384.045
13.7947
36.7746
4.77331
39.0169
33.8529
16.9188
4.3907
67.6121
-16.204
53.9086
26.2833
47.0845
-21.3846
29.8966
68.4389
40.9564
-437.706
-21.2737
-3.65041
19.148
1.54241
77.8461
-42.4692
108.03
-27.37
1.2987
5.28803
141.663
-4.9505
5.70035
-2.49463
51.2389
-42.9098
-260.473
311.018
34.5506
-394.402
440.739
-424.242
15.5756
113.042
-117.425
112.73
30.9835
49.585
-3.99545
-4.31667
60.4198
73.4811
-64.2314
31.9647
51.7299
40.3809
13.2174
-41.1025
65.057
-429.614
13.1416
23.3534
61.9812
32.1783
-65.3853
122.114
-38.123
59.1549
36.1872
5.24495
-16.3814
97.4418
-11.7586
-66.0649
140.659
59.9773
-13.6148
-28.3548
-412.318
20.0101
12.0767
26.6608
18.1634
46.1876
7.29907
-15.3912
40.1536
106.638
53.5646
-11.38
60.6688
-28.1379
-55.518
101.584
65.8098
-25.0438
6.92736
-413.52
37.4369
25.3361
-26.7729
26.0631
49.2574
3.75893
93.0661
16.0709
47.0926
-52.3551
149.206
-97.2389
-15.6804
56.0851
22.445
37.4267
52.7491
6.53219
-1.17768
-385.663
-0.637248
15.7938
122.435
-35.2525
-29.1451
15.6281
79.3248
15.7625
0.103409
22.4795
46.7042
47.9759
-11.7449
-18.3382
27.2801
77.5264
-0.652534
-396.751
429.358
-467.4
73.8477
18.4901
10.9781
57.7394
35.359
-45.8707
77.2957
56.3909
140.233
-78.2059
4.97849
-28.3532
-57.9192
211.346
-34.4481
22.1448
-418.15
-46.8026
70.9572
138.823
-70.7082
26.22
-6.65431
77.0399
13.5736
61.0072
-62.7881
91.4264
-29.4109
45.9289
40.2967
60.3307
11.9816
-436.681
-17.3529
2.40501
1.2629
25.7831
106.305
-4.82742
-15.7611
63.4876
-12.1273
73.9625
4.74803
85.1604
-16.06
8.45149
46.4128
-98.124
144.619
-422.335
-13.437
46.6646
14.2853
-5.31486
35.7213
62.3969
-4.30468
16.26
-8.58743
91.1714
177.634
-133.543
45.5783
-57.7119
32.2774
84.6651
-51.2654
132.793
-1.21886
-440.23
-7.24057
-13.5129
43.6344
73.121
97.5194
-96.6998
84.3594
25.1294
-51.3539
-111.869
219.186
47.2495
39.9776
-27.0406
-341.993
391.517
42.4749
-427.239
3.93029
85.2554
46.6672
-69.8809
29.1085
4.30786
64.0279
-0.732965
27.0526
138.733
-34.2377
10.6947
32.1356
6.84803
89.9425
-56.4199
39.8089
5.40758
-400.473
20.0503
19.5554
2.13022
54.7187
-32.4543
80.4484
25.459
9.62202
58.9301
-8.02109
4.25061
79.694
-362.863
329.558
75.6728
37.9944
44.3878
-28.1314
-397.105
47.519
70.5618
30.8424
-113.709
108.341
-19.2587
34.3658
13.7012
68.6284
-69.0103
92.5912
32.8973
23.93
77.0891
-442.019
0.241655
20.2281
14.6111
266.553
-166.071
-45.4925
13.1616
28.4208
102.741
-17.6569
11.567
19.5222
113.257
3.08058
34.4787
-26.7228
37.8934
-1.64088
-58.5276
-298.564
31.3051
-41.7797
102.235
-57.326
79.5883
1.51036
48.0146
42.1041
-56.4854
63.8097
117.613
-54.1958
65.1559
-404.063
423.053
6.52503
-438.029
482.422
-439.659
78.8428
14.6637
-39.0148
115.338
14.5417
-27.1929
64.5931
-21.3917
103.987
-62.3102
83.9603
31.2416
-101.738
147.844
-450.167
474.96
-418.046
-11.7161
92.1546
-57.1585
56.0501
2.5969
43.7382
46.5839
45.2089
45.4243
56.1757
-69.2435
82.3261
-359.078
396.618
17.4756
31.0826
-476.345
96.0115
-24.5338
73.6744
-100.259
106.01
14.6131
97.0593
34.3091
-50.6395
70.0417
51.5987
-16.3626
-8.1962
38.6371
26.9145
51.1212
-423.084
402.071
-379.845
18.6604
65.0073
-34.0324
34.3787
114.789
53.6677
-60.3785
51.8007
85.1287
12.3
23.4952
0.959617
-34.3737
35.5591
58.8981
-425.569
-22.8241
27.5841
32.1482
51.3858
-1.8531
127.247
-19.8722
-65.7463
107.122
-31.42
76.6677
92.7669
-50.8112
87.0745
-14.2987
-383.085
414.977
-442.943
102.278
-49.4575
109.931
-118.153
24.5261
166.498
-61.0476
64.5566
18.9643
28.6584
-41.1736
160.587
-128.448
146.384
-53.2662
62.6312
-12.7841
-417.808
-16.2702
146.025
-75.5213
23.3828
76.0614
30.2428
-17.4552
46.3868
55.3004
93.7951
-12.3047
-20.5157
46.0328
41.735
-464.687
23.6839
-21.1473
147.079
-55.4644
39.1187
257.67
-184.9
-13.1331
108.671
-20.6957
-43.5339
214.27
-89.1325
-2.95624
47.1335
39.6534
-7.64327
-396.678
2.46063
88.619
-47.5634
56.0476
29.894
47.8585
22.0943
-9.76773
114.873
-70.2385
50.542
20.4953
75.3872
37.1293
23.6443
-462.851
442.006
-367.822
-16
49.6793
3.47057
24.8386
88.522
-5.20322
45.2166
14.8582
-38.9238
78.9679
-17.8783
-267.027
222.492
-244.34
455.661
-10.2142
-437.86
118.58
311.455
-349.716
163.883
-142.358
109.542
18.341
18.1418
36.4483
23.0144
74.8117
-21.3096
64.1254
-15.5005
-13.7646
-372.449
17.7197
58.9112
-18.134
-29.5373
-32.2284
108.51
64.6625
135.254
-54.6832
-109.777
128.595
88.8103
-46.9201
58.523
-17.7411
-405.098
465.285
-428.081
28.7945
6.35357
83.9992
-83.463
88.6079
76.2058
28.2952
19.4776
116.628
-86.6046
-19.392
133.703
41.8581
-78.0409
62.6839
-434.153
72.2348
-28.1225
20.3592
54.451
-22.5739
63.8004
