-1.99779
-1.55281
1.67405
-1.16444
-0.225948
-0.0324589
-1.92634
0.650246
-2.04091
-0.782957
-2.5753
0.974763
-0.0229147
0.787868
0.50863
-1.61652
-1.59208
1.93257
1.20907
1.05627
0.727522
-0.555634
-0.315286
-2.02136
-0.686097
1.78079
1.75851
1.2643
1.23804
-0.153478
0.474945
1.6567
1.45963
-1.3268
-0.112868
-1.1321
1.30982
0.270713
0.540741
-0.446925
0.927785
1.92509
1.91927
2.21239
2.03279
0.824997
0.617183
0.974454
1.07586
0.00476206
-1.381
-0.75516
-1.70044
1.76123
0.988109
0.213563
1.02251
-0.73025
0.424702
2.41209
1.18798
1.16913
1.30632
0.104916
-0.577744
-0.547169
0.637613
-0.322764
1.43637
-1.23113
1.79432
-1.11649
0.612187
0.15381
-0.778834
1.11823
-1.61338
1.343
-1.65739
0.7393
0.972226
0.96348
-1.28577
-0.624043
1.92066
0.997102
1.45392
-1.41457
1.25912
0.0835533
-0.266271
0.350307
-0.462385
-2.56216
0.467047
-0.641319
0.807298
1.59062
0.0910778
0.423241
-0.235548
-0.731302
-1.77415
1.18805
-0.628052
-0.310787
-0.890565
0.855931
-0.296592
0.311305
1.36893
1.66821
0.761465
-0.982127
1.27676
0.931984
-0.684626
-0.0656482
-0.976093
1.75964
-1.66908
1.49434
-1.50655
0.0236639
-0.832685
-1.37657
-0.271522
-1.15328
-1.62645
-0.210889
-2.50955
1.42792
0.68478
0.876124
0.685519
-0.169779
-0.551945
-1.5345
-1.65425
2.31923
-2.0556
2.02728
-1.46532
0.962201
0.664707
0.385278
1.10992
1.3159
1.48664
-2.25171
-0.333182
0.35638
0.485716
0.987133
-0.164199
-0.279125
-1.06329
-1.01318
-0.479841
-1.74198
-0.779859
1.43787
-0.19913
0.200649
-0.46736
-1.43094
0.360783
0.614048
1.37183
1.66094
1.62978
-0.441001
1.01868
0.89081
-1.29838
-1.00543
-1.08171
0.815365
1.6623
0.592376
-1.35108
0.128735
-0.0364076
-0.728305
1.55364
0.659923
1.24351
1.41238
1.76235
1.8111
0.192957
-0.537832
-0.981379
-0.562107
-1.82574
-0.917395
-0.580408
-1.1217
-1.91443
0.563979
0.650116
-0.45348
-0.790588
0.921245
1.49602
0.9401
-2.20433
1.9675
-0.743455
-0.0241287
0.0881018
-0.366795
-1.16338
0.201554
1.3137
1.44351
2.39271
1.47531
-0.679137
-0.683737
0.71472
0.0285456
-1.23868
0.264664
-1.55445
-1.31244
1.68142
1.82998
-0.554796
0.602552
0.239887
0.728805
-1.06858
-1.11062
-1.46673
-1.47805
1.73839
1.59387
-0.996417
-1.18222
0.00715433
-1.38448
-0.869384
1.29269
1.53386
-2.08513
0.648005
1.00235
-0.776744
-0.35991
0.303904
-0.354094
-0.186814
1.08591
-1.36153
1.16206
1.70982
-1.10292
0.0954229
-0.134962
0.225726
-0.398783
1.11992
-2.44102
-2.3447
-1.05084
1.03971
-2.05249
-1.28972
0.55506
0.547506
-0.184322
-0.900397
1.08774
-1.72227
-1.96803
2.02914
-0.920841
1.11955
1.40091
0.203063
-0.879343
-0.514979
-1.26548
1.55599
0.0905767
-1.16453
2.44527
0.86532
1.05524
-0.738508
0.182678
-1.05061
-0.907811
-1.81797
-2.10255
1.59225
1.53739
0.431329
1.15072
-0.303985
-0.00958433
-1.06543
-0.449206
-1.79752
-1.77709
2.43344
-0.00155349
-1.388
1.4307
0.100934
-0.426118
-0.153402
-0.582432
-0.340987
-0.761066
2.71274
-2.13453
2.41911
0.716691
0.647823
0.914319
0.000809037
-1.16035
0.111487
-1.22628
-0.980782
-1.29284
-1.91419
-1.45012
0.724331
1.5919
0.00573422
0.118068
0.554678
-1.4984
1.10673
0.416225
1.03542
1.63925
-1.2403
-1.11731
1.01024
0.806558
0.546357
1.35238
1.72306
-1.43836
0.201166
1.38786
0.758266
-1.19661
1.74399
0.971938
-1.10745
0.0422118
-0.2363
-1.08452
1.63508
1.32717
1.96241
-1.60788
-0.698793
0.482895
0.100046
0.697994
-0.907968
0.519461
-1.25552
-0.908603
0.875833
-1.46058
1.11506
-1.604
1.17879
-0.15987
0.414966
1.09123
-0.60956
-0.0997408
1.21247
2.55005
2.33253
-2.16931
-0.846805
1.19753
0.255853
-0.53001
-0.63473
-0.477711
-1.622
-1.98241
-1.56806
-1.34288
2.16492
1.91617
-1.18772
-0.588935
-0.0670606
-0.575382
-0.645062
-1.02152
-0.435877
1.48225
-1.60308
0.570902
1.42875
2.14484
1.34895
0.482714
-0.201943
0.298088
0.842259
-0.932902
1.75461
-0.430919
-1.35202
-1.66051
-0.661972
1.27756
0.432985
0.312872
-0.445691
-0.73672
1.37848
0.43562
1.05257
2.19811
1.5029
-1.2069
1.70249
1.41198
1.1508
-0.397624
0.573621
0.0836259
-0.679807
0.566879
-1.77907
-2.37697
-1.85287
0.0982712
0.416114
-0.909987
-0.0134356
0.103018
0.108961
-0.878698
-0.625421
1.34786
2.22932
-1.67404
-1.94916
1.24567
0.916259
0.85587
-0.134156
-0.184069
0.264456
-0.248315
-0.278347
-1.93665
1.85278
-0.72952
-1.05682
1.10777
-1.78007
-1.29767
-0.520781
-0.216241
-1.09312
0.750954
-1.19286
-1.96297
1.31512
-1.8564
-0.9376
1.89002
0.745415
1.08574
0.978107
-0.142281
-0.939683
-0.867604
0.854667
0.137868
1.06918
-2.0649
1.43855
0.619605
0.615764
-0.390667
-0.559489
0.976321
0.0582315
0.493509
0.875239
0.842944
1.07558
-2.01327
0.0952027
1.2908
2.20428
-1.86182
-1.34475
0.960176
-0.202186
-0.314507
-0.645092
-1.9011
-0.946067
0.0108961
-0.723605
1.2557
0.0800138
0.907329
0.315166
0.729982
0.829559
0.20543
-0.11753
-0.809576
-1.05247
-1.78666
-0.591147
-1.08484
-1.30334
0.489508
1.63155
1.23223
0.40459
-0.0731424
-0.371401
-0.8187
-0.756566
1.89096
-1.34674
1.78066
2.1946
0.863422
1.69191
-1.43893
2.1759
-0.853591
-0.558537
0.748009
0.489935
-1.13991
-1.13851
1.01861
-0.729782
0.947549
1.97318
0.36874
0.629288
-0.765092
0.335109
-0.729096
0.22365
-0.855686
-0.538033
-1.01388
-1.66489
-0.457841
1.5159
1.11977
-1.26865
-1.10923
1.05859
-0.268666
-0.0786877
-0.543427
-0.583586
-0.518555
0.830733
-1.17559
1.45629
-1.60083
1.77263
1.61413
0.728923
0.704665
1.34795
-0.230983
-1.02674
-0.423833
-0.115992
-0.309208
0.312774
1.83876
2.26194
-0.407899
-1.59756
-1.219
1.15981
1.21878
1.40192
0.588902
0.677779
-0.627123
-1.28275
-1.3232
0.230913
-0.724622
-2.44791
1.43267
-1.4663
0.137535
1.02747
-1.49591
1.07835
-0.822254
0.353114
-0.394494
-0.568126
0.408379
-1.55547
1.83653
1.84375
-1.86166
-1.26972
1.70949
0.195595
-0.816641
1.7547
-1.35827
0.241468
0.090625
-0.0112355
1.41564
-1.92942
-0.274778
-1.65167
1.1374
-1.25313
1.59448
-1.61302
1.45894
1.96139
-0.733317
0.581388
-0.039469
-0.409356
0.060725
0.857947
0.659715
-1.52129
-1.71012
1.81893
1.67622
-0.884957
0.215743
0.996324
-1.53693
0.676531
0.544098
0.488593
-1.10171
-0.108458
-0.0859349
1.94268
-1.09222
-1.93565
1.4495
-1.23854
-1.5715
-1.12757
1.52446
1.22755
0.0646439
1.17409
0.110202
0.527972
-0.610246
-0.875725
1.40054
-1.28809
-1.20658
-0.634164
-1.13404
1.80047
2.27099
2.24238
-1.46316
1.32081
0.478057
0.49553
-0.715522
-0.568895
0.471463
-0.579283
-1.46239
2.09929
2.50072
1.84085
0.708191
-2.07139
0.0687388
1.52956
0.698699
-0.498594
0.175437
-0.427439
0.783865
-0.784542
-1.23206
-1.3481
0.365539
-0.138205
1.24958
-1.77445
0.135736
1.68117
0.161375
0.506166
0.614524
0.633503
0.149044
-0.591843
-0.865574
0.454505
1.08104
1.34931
1.30272
1.03883
-0.434248
0.475417
0.881246
1.62788
-1.36923
0.486644
0.863227
0.195703
0.020165
-0.224856
-0.426598
-0.681159
-1.2777
0.772757
-0.759998
-1.50942
-1.73437
0.600513
1.00402
-0.85087
-0.724186
-0.954986
-0.0604646
0.728157
0.254726
-0.480283
0.633039
-0.867164
0.689671
-1.10647
-1.83113
-1.86532
-1.25616
1.7145
2.16287
1.2104
-0.802043
-1.17666
0.550807
0.687407
-0.324455
0.75218
-0.128255
-0.0370567
-0.590326
2.10628
-1.70949
-1.81559
1.58866
0.442861
1.40067
1.98552
-1.9265
-0.949159
0.227147
-1.07434
1.28634
0.28124
0.826907
0.342149
0.76221
-1.1825
1.56956
-1.48056
-1.95336
1.5915
1.23758
-0.37512
2.08545
-1.68562
0.921972
-1.43102
1.35298
-0.207222
0.344064
0.428431
-0.438074
-0.396482
0.610737
0.111241
1.08409
-0.812468
-0.46054
-1.50594
1.82293
0.772783
-0.203417
-1.34385
-1.47071
0.409035
1.50832
0.90104
1.92443
-0.715193
0.463029
-0.114773
-0.544516
-0.145213
-0.756689
-0.834206
1.95925
-1.26081
-2.19402
-1.72897
-1.41707
1.84717
1.42627
-0.0322147
1.74511
1.05637
-0.827601
0.0234446
0.0649627
-1.0105
0.708978
0.682845
0.828697
-1.29174
-1.58685
0.87664
1.44358
0.626751
-1.7027
-2.50809
0.741399
-1.31198
1.08733
-1.41868
1.86733
0.610013
0.449915
0.805806
-0.782909
-0.0131429
0.618703
0.701181
-0.873465
-0.82178
-1.17517
-1.82523
-1.13089
0.0840253
-1.16761
1.487
-1.43345
-1.66019
-2.51446
1.60884
-1.29947
1.97709
0.288272
0.364392
0.476818
-0.38742
-0.232118
0.299102
-0.919636
-0.390856
-1.19425
1.16967
0.812467
2.33587
1.54863
-1.78641
-1.51429
1.53665
-1.27094
-1.15074
0.968192
1.22799
0.991287
0.64562
-0.280525
0.65413
-0.607074
-0.556271
1.08834
0.913135
-1.14103
-0.9265
-1.34601
-2.1922
1.52693
0.629551
1.75997
1.58463
0.651716
-1.18595
-1.82783
-1.72039
0.305467
-0.871606
-1.06864
0.261057
-0.399507
0.446965
0.62124
0.57583
-1.32613
0.228269
-0.446125
1.41981
0.57368
0.794473
-1.94876
2.14419
1.67255
-1.70705
1.45744
-0.691244
1.31921
1.16449
1.76821
1.40666
0.395771
0.968467
0.223979
-0.54955
0.464786
-0.27395
-0.990177
-1.66859
-0.803162
-1.17192
-1.1878
-0.777354
-1.06307
1.14567
-2.19744
2.27962
-1.84101
1.74201
-0.687558
1.53356
0.974034
0.717546
-0.27052
0.706979
0.656858
0.502446
-0.266857
-0.22499
1.19939
0.886632
-0.877417
-1.33869
-1.89787
-0.990788
1.59845
-0.819029
-1.97043
-0.670362
1.74937
-0.448065
2.12818
-0.990254
0.811045
1.25936
-0.399275
-0.646391
1.54184
0.607084
-0.53687
-0.810124
0.715034
0.0634944
-1.14077
1.29082
-1.17208
-0.766341
-1.91417
1.87318
-1.97914
0.963781
-1.28975
1.44459
0.308362
-0.162823
1.82747
1.94944
1.32309
2.19757
0.199882
0.23716
0.42094
-0.296374
0.693566
0.324305
0.19924
0.228801
-0.239484
-1.14807
-1.47103
1.23563
-1.29229
1.9664
1.32599
-2.30352
-1.62552
1.20255
-1.51008
0.863218
0.922979
1.42529
1.10634
0.822136
1.63931
-0.766441
0.440338
-0.019675
0.514986
-0.169615
0.188975
0.378939
1.03295
0.0811707
-1.25627
0.457036
-1.08072
-1.41692
1.42895
-1.52689
0.298457
-1.71866
1.34553
1.3596
-0.434565
0.634262
1.85484
1.86194
0.470463
1.68067
0.748908
-1.10066
-0.176153
-1.28399
-0.0720373
-0.451193
1.34013
-0.202011
-2.13139
1.9859
0.709862
0.116998
2.67442
-1.61763
-2.41743
1.11736
1.59757
1.96859
-1.59664
-0.856929
1.09986
0.453646
-0.0348977
0.0316623
-1.17117
-0.440089
-0.598507
-0.623432
-1.3288
-2.02333
-0.650816
-1.27547
1.17384
0.868722
2.43441
-2.03859
2.24302
1.19195
1.75267
0.660002
-0.987171
0.990044
-0.817918
0.635438
0.629648
-0.209808
-0.461936
0.190489
1.19371
-0.459447
-0.659211
2.28179
1.29126
1.58155
2.37854
-1.55616
0.184396
0.401448
1.83152
1.25898
1.25324
-1.06096
0.0765115
0.366957
-0.0589347
1.16755
0.398001
-0.233681
0.574386
0.57096
0.381884
-2.31177
1.16026
1.41129
2.06013
1.20748
-1.97443
-0.360091
-0.870073
-0.409011
1.43701
-1.55962
1.55444
-0.787287
0.397448
-1.31874
-0.144538
0.732935
-2.02229
-0.649995
0.359171
0.11735
-0.692495
-1.87515
1.5368
1.3885
0.107088
1.53559
1.57653
1.75495
-1.36209
1.77439
0.571104
-0.510321
-1.15763
-0.972033
-0.618526
0.932159
1.75699
1.43263
1.12045
1.21123
1.8335
-1.66588
-1.21619
-1.08987
2.25933
-1.9212
0.422507
1.03249
0.521828
-0.574588
0.686701
0.302771
0.122803
-0.941441
1.77333
0.603089
-0.168166
0.920221
-0.893367
1.97887
-1.78589
0.956273
-0.732926
-2.37567
1.90087
0.485966
1.00493
0.749631
1.96582
-0.259371
0.25722
0.232688
-0.89787
-1.74237
0.388012
0.996259
-1.38348
-1.43907
-1.066
1.99711
-1.29856
1.67102
1.57132
0.745151
-0.87236
1.29875
0.594033
0.0870679
0.0267049
0.962245
-0.739892
-0.642405
-1.81054
-0.18264
-0.702282
-1.0841
1.79199
1.8625
-0.343159
-1.52148
0.750068
-0.728716
-0.020306
-0.93658
0.0757929
0.265471
0.222624
0.714071
-1.192
-1.07071
1.32571
0.900792
-2.03722
1.60107
1.92229
1.32797
-1.15607
0.735817
-0.572971
1.40597
-0.332838
0.302755
-0.870592
-0.897422
-0.846036
0.925855
-2.08806
1.71764
1.0029
1.15464
-1.33435
-0.390792
0.56874
-1.59171
0.154624
0.741163
0.620358
0.268029
-0.42134
-0.182659
1.1102
0.458397
-1.25118
0.517375
1.80944
2.82825
1.03459
1.59164
-1.37682
-1.29572
1.38258
0.716965
0.865761
0.117739
-1.05426
-0.023522
-0.668034
-1.45548
-1.3049
1.72481
2.24715
1.73581
-0.980724
-1.87456
1.87586
1.25544
0.776737
1.12197
0.716904
0.274398
0.206232
-0.495901
1.01563
-0.855264
-0.961216
-1.8976
-1.84488
-1.76269
1.52305
-1.58733
1.58473
-2.34181
1.18214
0.40931
0.0264651
-0.101442
0.00621804
0.486595
-1.13261
0.232447
-1.87689
2.29742
-2.13504
2.46916
1.57389
-1.52606
-0.928451
-0.144289
-0.120076
1.17107
0.359236
-0.288143
-0.178054
-1.08534
-1.45937
1.40977
-1.53527
1.42562
-0.654059
-1.02817
0.974052
-1.2229
-0.602345
-1.35581
-0.89087
0.349127
-0.539668
0.571376
0.262151
-1.48986
1.42138
0.743525
1.85751
1.67878
1.6483
1.23941
-0.979137
0.470517
-0.308029
-0.138891
0.415273
-0.748504
-1.34453
-0.956335
-1.38382
0.97219
2.12035
-0.252723
-1.88197
-1.65541
0.570768
-0.649655
1.49126
0.32623
-0.00764853
-0.28516
-1.09881
1.52184
1.55376
1.98225
1.69922
-1.90369
1.14971
1.38328
-0.68956
1.54523
-1.37411
0.878469
0.391512
0.129715
-0.374085
-1.28838
-1.22345
-1.12388
-1.93464
-0.313968
1.06258
0.669916
-1.82086
-1.9525
0.266418
0.715293
-0.0607889
-0.162904
-0.383832
0.179071
0.414636
-1.17364
1.47796
1.9893
-2.04088
1.84549
-0.958916
-1.05125
0.0229715
0.877727
0.111711
-0.11952
-0.525512
0.211567
-1.81743
-0.743896
-1.75118
1.32699
2.50631
1.47657
1.7197
1.08468
0.830643
0.72375
0.264665
1.51595
0.736397
-2.16159
-0.954399
1.19589
1.56552
0.810836
-2.22442
0.757039
1.21889
0.868627
-0.369126
0.0631736
-0.566477
0.913837
-1.68178
-1.23649
0.119283
1.96826
-1.84384
1.73379
-1.29754
2.04703
0.90885
0.812314
0.325145
0.822476
0.121293
0.416389
0.0154706
1.36869
-1.34117
1.64852
-1.15693
-1.01627
1.61442
0.660132
0.337995
0.399215
0.595362
-0.592402
-0.924601
-0.501229
-1.12933
1.7624
-1.83232
-0.729697
1.72545
-0.43822
-0.775118
-0.268322
-0.333502
-0.387461
-0.188758
0.705626
-1.44725
1.25888
1.8552
1.02088
-0.25703
1.17793
-1.28244
1.08367
0.653318
-0.889989
0.518409
-1.08557
-1.46012
1.23774
-0.549064
-1.89222
-0.483139
1.38098
0.857926
0.460028
0.751565
-0.260191
-0.542631
-0.111316
-1.24839
1.02943
-1.34417
0.460008
1.58883
-1.46614
-1.59986
-1.09481
1.00852
0.283072
0.268244
-0.841667
-1.67671
1.29929
2.24768
-2.26471
1.52026
-1.90071
0.475337
1.57714
-0.362512
0.37629
-0.262687
-0.474207
1.28974
1.0285
1.67818
2.36019
2.06557
-1.70516
-1.97591
-1.24912
0.975031
-0.396501
-1.07666
-0.138535
-0.779781
1.13449
0.607562
-1.79761
1.26651
1.49265
-0.783025
-0.56845
-0.911699
-0.288562
-0.00534502
-0.473817
-1.47979
0.66439
-1.8833
-1.18782
0.82821
-1.17357
1.11658
-0.747441
0.515167
0.071291
-0.027917
-0.927388
-1.20843
-1.37691
2.47314
-0.959096
-1.93263
-1.86445
2.30875
1.39561
0.553212
0.322891
0.164208
-0.749991
-1.13687
1.02462
-1.15308
-1.72379
-1.58451
0.960428
-0.868183
-1.32966
0.741211
0.0223842
-0.349487
-0.793554
-0.0184161
-1.09551
-1.20865
2.15465
-0.833025
1.20417
1.05417
0.0816114
-1.27073
0.646009
-1.28119
-1.39929
1.27664
-1.48406
1.71819
-0.969081
1.06013
-1.4883
0.539174
-0.410215
0.6567
0.495165
-1.82199
0.703419
2.08071
1.94261
-1.69584
-1.58425
-0.382744
-0.721504
-0.0369561
0.643607
-1.154
-1.17596
-0.790812
1.28729
1.94917
-1.67051
1.69398
-0.243605
0.720354
-0.901014
0.261502
-0.625934
-1.09922
-2.39817
1.14263
-1.55049
-1.28098
-1.65784
-0.276445
0.0654508
0.353321
0.02343
0.518587
0.979376
1.76045
-1.69912
-1.74163
-1.40089
-1.75641
0.422245
0.105507
0.114635
0.44865
-0.293466
-1.18693
-1.71974
-1.04898
2.01244
1.20827
0.460173
1.65912
-0.570837
0.284612
0.551807
0.990215
2.57534
-1.32311
1.74468
-1.37451
-1.37234
2.0311
-1.3105
-0.786238
-0.225029
-0.146085
-1.77406
-0.806398
-0.707832
1.68064
-0.995694
-0.337241
-1.59966
-0.552953
-0.499686
-0.611064
-0.838451
-0.736783
-1.61451
1.96601
1.20926
-0.254264
-1.28647
0.294928
0.569051
-0.247642
-0.296444
-1.64019
0.159165
-0.370347
0.216665
-1.6551
0.965179
1.02727
-0.522224
0.0340955
0.544349
-0.134256
-0.261741
0.593706
-0.295608
-2.10941
-1.09665
1.04118
-0.591999
0.905594
0.553495
-0.686078
-1.36708
-1.93529
-1.70216
-0.97462
-2.11762
-0.486526
1.27418
-0.872151
0.168893
0.129744
1.12975
1.69626
-1.13755
-1.08962
0.767197
1.08747
1.4126
0.324191
0.193276
-0.551728
-1.24949
-1.53442
-1.30667
0.909646
1.0396
1.58054
0.773652
0.953211
0.968265
0.0244964
0.658876
2.32904
-1.2486
0.0819518
-1.17907
1.242
-0.628145
-0.258432
-1.36158
-0.84127
-0.367588
0.953994
-0.840031
-1.6345
1.52769
1.51167
0.882055
-0.000583029
-0.397261
0.202741
-0.969048
1.88924
-1.17404
-1.64817
1.15829
-0.341956
0.819985
-0.588347
-0.626338
-0.769217
-1.07876
-2.46518
-1.1107
-1.50307
1.73012
1.52658
0.591288
-0.917497
-0.87034
0.836837
-1.35352
1.40176
0.950389
-1.00524
-1.58829
-1.86782
0.0501175
-0.369727
-0.52208
-0.72241
1.30357
0.254239
1.44612
-2.09846
1.06917
1.3212
-0.733101
-0.449768
0.889919
-1.36374
-1.61287
0.879376
-1.39144
-0.67833
1.21161
0.276908
-0.268085
0.767313
0.786271
-1.25897
1.78112
2.1804
1.92971
-1.20966
0.576205
-0.312911
-0.495632
-1.19454
0.292191
-1.56607
-2.02789
-2.51964
-1.37775
-1.37851
-0.234979
0.0191134
-0.689114
-1.33257
-0.786877
-1.17858
1.37244
-2.10746
-1.3583
1.06349
0.747241
0.73464
-0.885712
1.89034
-0.919279
2.22103
-1.66924
1.98107
-0.854662
-0.112156
0.236131
-0.496495
-2.0417
-0.427498
2.32019
1.21548
-0.760321
1.03173
-0.0914437
0.17994
-0.485052
-1.21435
1.10105
1.69675
1.16659
1.53037
-0.63907
-0.908549
0.133135
-0.0507386
0.295178
1.97934
0.718562
-1.35225
-0.812753
0.384312
-0.612375
-0.248912
-0.597814
-0.65409
-2.28881
-1.48603
-1.8146
1.16354
1.63043
1.22521
-0.525232
-1.603
-0.968078
0.950831
1.32743
-1.3316
-1.6583
1.3333
-0.17003
0.0975919
1.47456
-1.04155
-0.965792
1.33741
-1.04103
-1.5471
0.550324
0.72095
-0.835941
-0.443135
-0.973522
-1.67547
1.3658
1.45625
-1.72953
0.371727
-0.595561
0.163767
-0.542195
-1.97631
0.0196591
1.26974
2.30664
-1.6152
0.178186
0.461069
0.244715
-1.05568
-1.41671
2.10371
1.32384
1.45955
-0.535493
-1.11747
0.252612
0.224935
0.973276
0.782948
1.32866
0.0221212
-1.36678
-0.558936
0.21091
0.22506
-0.535978
1.50135
-1.28871
1.9378
1.9013
1.34525
0.964876
-0.0806509
-1.46419
-0.574929
1.41294
-0.652645
-2.12771
1.63522
1.19756
-0.100285
-0.109736
0.335907
0.0274365
-1.25019
-0.429453
0.914292
-0.391943
-0.714351
0.759637
0.54496
-0.622359
-1.37764
-1.49055
1.51174
-2.07331
0.266515
1.32284
-0.140051
0.0497129
-0.277527
-1.64355
0.925311
2.62652
1.0376
-0.127871
-0.0214257
-0.206923
0.0327477
1.26642
-1.33777
-2.60632
1.53412
0.914372
0.629455
0.205396
-1.16067
-0.935147
-0.399732
