9.07026
17.3933
16.4981
25.2576
35.7114
27.5602
32.5741
31.7058
31.9055
39.903
29.3428
30.6543
31.4283
31.8844
30.9631
30.9037
31.012
30.9619
31.5297
31.2913
30.8751
30.2072
29.921
30.0931
30.0372
30.0912
30.0889
30.1796
29.9146
30.0912
30.0487
30.1892
30.1489
30.1369
30.2497
30.3206
30.1934
30.2055
30.2277
30.0822
29.9968
29.9947
29.9884
29.8992
29.6533
29.6456
29.5214
29.6081
29.5807
29.6405
29.6378
29.6633
29.653
29.5358
29.4508
29.3843
29.4092
29.3228
29.2768
29.2628
29.2887
29.2125
29.1802
29.2422
29.2773
29.199
29.1619
29.1586
29.1753
29.1064
29.0548
29.0219
28.9545
28.8528
28.8369
28.7869
28.7854
28.8089
28.8246
28.8614
28.8301
28.675
28.8042
28.7196
28.7359
28.7123
28.6915
28.7261
28.7329
28.8281
28.8447
28.8363
28.7171
28.7736
28.7694
28.8111
28.8773
28.7447
28.7933
28.6615
28.5558
28.4739
28.4756
28.4744
28.4926
28.4412
28.4303
28.3559
28.364
28.2876
28.2965
28.2837
28.28
28.2574
28.2914
28.3013
28.249
28.2101
28.2107
28.2445
28.2308
28.2299
28.2282
28.1175
28.0395
27.8608
27.7968
27.8524
27.8851
27.8808
27.8826
27.9055
28.0238
27.8738
27.8494
27.742
27.7129
27.7716
27.7584
27.7607
27.7279
27.6823
27.6545
27.6099
27.3895
27.3651
27.3607
27.326
27.3038
27.2886
27.3231
27.2351
27.329
27.2142
27.1361
27.04
26.9917
26.9866
26.9797
26.9678
26.9828
26.9608
27.119
27.0682
27.0216
27.0385
27.0532
27.0044
27.0146
27.0145
26.9817
27.0478
26.8772
26.9449
26.961
26.9148
26.9573
26.9557
26.9636
27.0757
26.9959
27.026
26.9626
26.9477
26.9537
26.8782
26.8647
26.8915
26.8509
26.7425
26.8209
26.8952
26.9195
26.8144
26.814
26.7916
26.7836
26.7641
26.6791
26.7338
26.6569
26.6576
26.6225
26.5551
26.5298
26.5274
26.5017
26.4703
26.5493
26.6335
26.62
26.4431
26.4448
26.3812
26.3608
26.3733
26.3229
26.327
26.3739
26.3094
26.1432
26.0288
26.0291
25.9931
25.9921
26.0185
26.0298
25.9758
26.0426
25.9865
25.8912
25.8724
25.8275
25.8965
25.8858
25.8974
25.8257
25.7941
25.7495
25.5849
25.5362
25.6175
25.6282
25.5879
25.5796
25.5656
25.6874
25.634
25.6359
25.5993
25.4737
25.3801
25.3416
25.2864
25.2739
25.2827
25.2865
25.2272
25.1271
25.0696
24.9996
24.9407
24.9184
24.9828
24.9913
25.0129
25.0416
24.9356
24.8587
24.8665
24.7658
24.6412
24.6098
24.5654
24.5524
24.5499
24.5416
24.6453
24.5987
24.5048
24.5178
24.6121
24.5329
24.5018
24.486
24.4981
24.5256
24.4446
24.5393
24.5126
24.4129
24.3497
24.4456
24.4785
24.4922
24.4967
24.4976
24.5256
24.4876
24.4531
24.4938
24.4721
24.5507
24.5212
24.5325
24.5236
24.522
24.5536
24.5607
24.5108
24.4497
24.5226
24.5976
24.4975
24.408
24.3945
24.4032
24.3836
24.319
24.422
24.393
24.2641
24.2053
24.2344
24.0534
24.0059
23.9683
23.9838
23.9676
24.0017
23.9668
23.7958
23.832
23.7466
23.6887
23.7045
23.6668
23.6714
23.673
23.6906
23.7353
23.6455
23.5818
23.4597
23.4854
23.5192
23.5518
23.5161
23.5161
23.5256
23.5712
23.608
23.4686
23.3962
23.2086
23.1352
23.0259
22.979
22.9684
22.9477
22.9514
22.9791
23.0928
23.209
23.2566
23.1219
23.1847
23.09
23.0553
23.0076
22.9923
23.0068
23.0561
22.9805
22.9758
23.0497
23.106
23.1634
23.1357
22.9657
22.9164
22.9257
22.9115
22.8859
22.902
22.8571
22.9127
22.814
22.6288
22.5559
22.5769
22.5971
22.5822
22.5916
22.5571
22.5258
22.5428
22.5825
22.6281
22.4691
22.4381
22.3985
22.3223
22.3105
22.3084
22.2995
22.3449
22.2267
22.1313
22.1124
22.089
22.0549
22.0282
21.9695
21.9661
21.9086
21.9187
21.9392
21.9753
21.9634
22.0397
22.0334
22.0548
22.1095
22.1092
22.112
22.0539
22.0535
22.057
22.112
22.0666
21.9953
21.878
21.8056
21.8703
21.7111
21.6236
21.5416
21.5308
21.5251
21.5326
21.5145
21.6527
21.6439
21.7166
21.6696
21.5471
21.5114
21.4859
21.4457
21.4571
21.4605
21.3922
21.4354
21.503
21.49
21.567
21.5468
21.464
21.337
21.2018
21.2324
21.2258
21.2284
21.2918
21.3505
21.2654
21.1664
21.1424
21.1505
21.2256
21.1614
21.1183
21.1375
21.1346
21.1325
21.2044
21.1578
21.232
21.1718
21.0401
20.9759
21.0115
20.967
20.8911
20.8455
20.8315
20.8294
20.7718
20.7088
20.8366
20.9319
20.8899
20.7092
20.6192
20.4233
20.4057
20.4098
20.3663
20.3647
20.3783
20.434
20.3086
20.2094
20.0566
19.9781
20.0313
20.0105
19.9688
20.0377
19.9985
19.9531
19.9546
19.9556
19.9643
20.0687
20.0715
20.0823
19.9864
19.9236
19.9654
19.9172
19.9168
19.9087
19.8937
19.8903
19.8711
19.8612
19.8496
19.8131
19.8711
19.889
19.8889
19.8791
19.8132
19.8418
19.8377
19.8341
19.8309
19.8954
19.8968
19.8251
19.5892
19.5618
19.4914
19.3326
19.3067
19.3091
19.3063
19.2441
19.2263
19.2251
19.2141
19.2005
19.253
19.2597
19.3505
19.2792
19.1617
19.2246
19.1483
19.1125
19.1025
19.102
19.0931
19.1068
19.1592
19.2255
19.2596
19.2069
19.2588
19.1424
19.1413
19.0675
19.0442
18.994
18.968
18.9556
18.9549
18.9788
18.988
19.0929
19.0268
19.0792
18.808
18.8283
18.7337
18.5518
18.4991
18.5211
18.543
18.5377
18.5412
18.533
18.5725
18.5539
18.4242
18.4307
18.3513
18.2183
18.3142
18.3691
18.3296
18.2491
18.27
18.2612
18.2764
18.2566
18.3312
18.2659
18.1748
18.1492
18.2462
18.1332
18.1113
18.0189
18.0526
18.074
18.0847
18.0799
18.0934
18.1079
18.1188
18.2094
18.0717
17.9478
17.9198
17.9044
17.8116
17.8647
17.9194
17.9015
17.8865
17.8709
17.8835
17.8893
17.9043
17.9075
17.7665
17.6852
17.6621
17.6538
17.6431
17.5108
17.4646
17.3739
17.3581
17.3445
17.3422
17.3477
17.3274
17.2902
17.3787
17.3174
17.3446
17.3144
17.2241
17.3172
17.1993
17.0545
17.1048
17.0459
17.0445
17.0365
17.0508
17.0685
17.132
17.1134
17.0885
17.2068
17.0165
16.9862
16.9923
16.9572
16.9268
16.9378
16.9477
16.9389
16.9382
16.9209
16.9222
16.8639
16.7495
16.7212
16.6522
16.6652
16.7609
16.8041
16.794
16.6938
16.5915
16.6399
16.6562
16.6664
16.6599
16.7347
16.6808
16.6692
16.5757
16.6264
16.636
16.6808
16.5532
16.5607
16.5314
16.5035
16.4696
16.4455
16.413
16.4123
16.4227
16.5251
16.5249
16.708
16.7717
16.7392
16.598
16.5701
16.5496
16.5164
16.4055
16.3942
16.359
16.3337
16.3308
16.3624
16.3932
16.4107
16.358
16.2634
16.3238
16.2313
16.2063
16.1542
16.021
15.8416
15.7766
15.7618
15.6932
15.6614
15.6571
15.6659
15.7155
15.8033
15.8284
15.8423
15.76
15.6573
15.5032
15.4156
15.3013
15.128
15.1254
15.0644
15.0302
15.0459
15.0413
15.0296
15.0244
15.0147
15.0857
15.1975
15.2403
15.3389
15.2753
15.281
15.1494
15.1151
15.0173
14.961
15.0778
15.1369
15.1415
15.1522
15.1622
15.1666
15.1576
15.1199
15.2112
15.1621
15.1042
14.9261
14.8295
14.7156
14.6355
14.6688
14.7038
14.7452
14.7333
14.7877
14.7654
14.7745
14.7725
14.7701
14.7898
14.8578
14.8125
14.7926
14.6375
14.6879
14.7932
14.6724
14.6454
14.4354
14.2803
14.2632
14.2333
14.2176
14.2176
14.219
14.2346
14.2273
14.181
14.2288
14.136
14.0763
14.108
13.853
13.8388
13.7974
13.8003
13.6556
13.5752
13.5385
13.5176
13.5577
13.5678
13.5826
13.5699
13.5713
13.5832
13.6343
13.6504
13.6436
13.6981
13.6706
13.8085
13.8568
14.0094
13.8072
13.797
13.7561
13.7508
13.7414
13.6546
13.615
13.619
13.6152
13.5938
13.5727
13.5975
13.6702
13.6776
13.5366
13.5976
13.6007
13.5027
13.2699
13.2271
13.2388
13.2068
13.1653
13.0942
13.0468
13.0542
13.0098
13.017
13.0221
13.0154
13.0434
13.0255
12.9081
12.8936
12.8996
12.7424
12.8427
12.8585
12.7978
12.8215
12.8211
12.738
12.7553
12.7749
12.7233
12.6906
12.6569
12.6653
12.6617
12.6719
12.7078
12.6395
12.68
12.6677
12.6974
12.6679
12.6234
12.594
12.6612
12.7923
12.6026
12.5557
12.5489
12.4885
12.4377
12.3611
12.321
12.3243
12.3208
12.3319
12.309
12.3073
12.4469
12.4426
12.2792
12.1969
12.0654
12.0662
11.9849
12.0736
11.9988
11.8605
11.8727
11.8291
11.8482
11.8951
11.9282
11.8901
11.9065
11.915
11.9124
11.9034
11.901
11.9311
11.9213
12.0504
12.0586
12.0499
11.8766
11.7279
11.7362
11.602
11.5576
11.6656
11.6265
11.5434
11.5144
11.5316
11.4461
11.3915
11.3544
11.2984
11.2775
11.2863
11.2796
11.2564
11.2747
11.2865
11.3031
11.2169
11.2757
11.2661
11.434
11.3403
11.2091
11.1097
11.0915
11.0652
11.1039
11.0626
11.0486
11.0235
11.0269
10.9608
10.9465
10.9288
10.9273
10.9363
10.9333
10.9801
10.9354
11.0406
11.0299
11.0296
11.1342
11.1315
10.9335
10.8519
10.7672
10.8488
10.8632
10.7559
10.7633
10.7826
10.7985
10.7089
10.7242
10.717
10.7143
10.696
10.7014
10.6866
10.7044
10.685
10.5755
10.4191
10.453
10.3164
10.2688
10.4145
10.4349
10.5501
10.4508
10.4734
10.4348
10.3692
10.281
10.2886
10.3003
10.2671
10.2722
10.2801
10.2394
10.2513
10.2439
10.2481
10.2472
10.3262
10.2838
10.3379
10.3222
10.4281
10.3527
10.3925
10.4417
10.5146
10.4429
10.4445
10.3525
10.3185
10.337
10.1885
10.185
10.185
10.1293
10.1009
10.0875
10.0631
10.053
10.0488
10.0538
10.0164
10.0429
10.1776
10.1632
10.1194
10.2206
10.1313
10.1746
10.1086
10.2212
10.4502
10.4116
10.3948
10.4921
10.4554
10.551
10.5944
10.5288
10.5151
10.5616
10.5402
10.5487
10.5478
10.5586
10.5071
10.5263
10.6294
10.6934
10.8317
10.9938
11.1022
10.9328
11.0113
11.0522
11.0446
11.1838
11.2829
11.17
11.1262
11.2046
11.1244
11.1444
11.1457
11.1446
11.1602
11.1805
11.3034
11.3999
11.4805
11.5427
11.5876
11.5766
11.5683
11.6341
11.5332
11.609
11.5554
11.4853
11.6338
11.6046
11.5991
11.67
11.6688
11.666
11.6877
11.7009
11.7488
11.8132
11.8794
12.1252
12.3571
12.4497
12.2496
12.2873
12.2381
12.1993
12.2085
12.216
12.3005
12.2344
12.2882
12.3058
12.2993
12.3008
12.3296
12.4255
12.4268
12.457
12.4248
12.3255
12.3425
12.3722
12.1122
12.1434
12.209
12.3839
12.3211
12.2084
12.1543
12.2143
12.2078
12.2285
12.2147
12.2128
12.1804
12.2029
12.21
12.2566
12.232
12.3705
12.455
12.3526
12.5901
12.6644
12.7393
12.8395
12.8398
12.7773
12.8032
12.8211
12.8018
12.7718
12.7716
12.7683
12.7695
12.9052
12.9597
12.9749
12.9593
12.9734
13.0935
13.0607
13.1391
13.2877
13.2091
13.1627
13.1284
13.1265
13.1179
13.1067
13.0995
13.1139
13.0932
13.0766
13.2539
13.3303
13.4049
13.1839
13.3321
13.3073
13.2315
13.2783
13.3803
13.4147
13.345
13.403
13.3606
13.3283
13.327
13.3349
13.3449
13.3795
13.4925
13.5582
13.5423
13.5986
13.6735
13.658
13.7703
13.7654
13.7631
13.8091
13.8028
13.8129
13.7489
13.7556
13.7529
13.7751
13.8046
13.928
14.0364
14.2438
14.2275
14.296
14.2523
14.2294
14.2246
14.2502
14.3126
14.2651
14.1778
14.1792
14.1697
14.1685
14.1801
14.2484
14.3658
14.3349
14.3069
14.5374
14.5626
14.7108
14.7753
14.763
14.7201
14.7779
14.7763
14.7761
14.7365
14.7257
14.7329
14.7671
14.7991
14.8788
14.9731
15.0226
15.0578
15.1774
15.1541
15.2027
15.095
15.0597
15.0582
15.062
15.0943
15.0902
15.0973
15.1404
15.1537
15.1902
15.285
15.291
15.3536
15.5271
15.4396
15.4014
15.4234
15.3871
15.3808
15.3934
15.3781
15.377
15.3826
15.3974
15.4679
15.5862
15.5695
15.5797
15.5905
15.6458
15.6298
15.6498
15.6576
15.5859
15.5888
15.5761
15.5667
15.5698
15.5733
15.5742
15.4744
15.5337
15.6585
15.7752
15.8219
15.7724
15.8233
15.8224
15.8822
15.8976
15.9489
15.9782
15.9784
15.9822
16.0217
16.1226
16.2866
16.428
16.2872
16.3564
16.326
16.223
16.2181
16.231
16.1908
16.1544
16.1353
16.1343
16.1662
16.2238
16.2848
16.1773
16.1495
16.1285
16.2501
16.3063
16.2899
16.1835
16.1944
16.1805
16.163
16.1501
16.1452
16.16
16.2234
16.3232
16.4806
16.6121
16.7405
16.8193
16.8607
16.917
16.8559
16.8195
16.8137
16.8327
16.809
16.8099
16.8328
16.9093
16.9903
16.9044
16.9811
17.0252
17.0284
17.1262
17.1694
17.1583
17.1806
17.1526
17.1442
17.1567
17.1958
17.1495
17.1619
17.0528
17.0459
17.0608
17.0381
17.0234
17.0729
17.1623
17.1135
17.1102
17.0952
17.0924
17.1512
17.1486
17.0528
17.1791
17.243
17.3368
17.3735
17.363
17.2612
17.1588
17.1219
17.0965
17.1114
17.1112
17.1152
17.1884
17.2555
17.406
17.4468
17.5808
17.5773
17.5997
17.505
17.5925
17.4979
17.495
17.4741
17.4831
17.4944
17.5119
17.5877
17.6812
17.7121
17.7659
18.0826
18.0979
18.2524
18.1708
18.142
18.111
18.1166
18.1113
18.1785
18.2374
18.3193
18.4223
18.4888
18.3634
18.4249
18.5127
18.4743
18.4741
18.4709
18.4595
18.463
18.5083
18.4759
18.5443
18.5915
18.7506
18.8841
18.9113
18.8917
18.8836
18.8313
18.7979
18.7872
18.8012
18.875
18.8854
18.9968
19.0994
19.0924
18.9645
18.9633
18.9421
18.9629
18.9076
18.8986
18.8967
18.9281
18.9461
19.0224
19.1215
19.2332
19.349
19.3662
19.4036
19.3689
19.3473
19.2952
19.2827
19.2806
19.3253
19.382
19.4206
19.3399
19.2975
19.4925
19.5079
19.5332
19.5611
19.588
19.5752
19.5707
19.5809
19.6226
19.5418
19.5274
19.5665
19.5998
19.6713
19.5854
19.6045
19.6662
19.6374
19.64
19.6368
19.6603
19.6412
19.7051
19.7184
19.7882
19.8638
19.9641
20.0548
20.0304
20.0709
20.0796
20.0687
20.0709
20.0931
20.092
20.2019
20.3689
20.3991
20.3677
20.4109
20.3804
20.3682
20.3855
20.383
20.3747
20.3612
20.3998
20.319
20.3571
20.5519
20.5335
20.4786
20.4342
20.4567
20.4541
20.4528
20.4394
20.5082
20.6504
20.6453
20.6817
20.6652
20.6355
20.6782
20.6379
20.7062
20.6719
20.6787
20.7305
20.7998
20.8603
20.8386
20.879
20.8398
20.8661
20.8609
20.8287
20.8759
20.8866
20.8887
20.8985
20.7643
20.7606
20.7718
20.7835
20.73
20.8058
20.7918
20.7343
20.6854
20.6851
20.6923
20.7638
20.8734
20.8006
20.8368
20.8978
20.9155
20.9682
21.0062
20.9463
20.951
20.9512
20.9842
21.0427
21.1164
21.1219
20.9938
21.1358
21.2648
21.3181
21.2944
21.258
21.249
21.2457
21.2855
21.3132
21.4365
21.5077
21.6618
21.663
21.8437
21.794
21.8386
21.8261
21.8222
21.8398
21.9753
22.0567
22.1665
22.3173
22.3955
22.3677
22.2664
22.212
22.1998
22.1985
22.2071
22.3839
22.4433
22.3851
22.4268
22.4182
22.4019
22.5038
22.4383
22.4186
22.4267
22.4372
22.4491
22.6555
22.6796
22.6486
22.617
22.5856
22.5971
22.5952
22.6108
22.637
22.6513
22.813
22.9595
22.9872
23.1088
22.9893
22.971
22.9557
22.9039
22.9021
22.9299
22.9163
22.8762
22.9295
22.9199
22.7701
22.7835
22.9135
22.8691
22.8702
22.8649
22.9043
22.8754
22.8846
22.8739
22.9458
22.8928
23.0029
23.1031
23.0765
23.0636
23.0786
23.0813
23.0777
23.1554
23.3265
23.3851
23.3694
23.3698
23.344
23.3763
23.3727
23.3998
23.444
23.5786
23.5887
23.6242
23.5574
23.6089
23.5344
23.5311
23.5293
23.5055
23.5678
23.554
23.5111
23.5755
23.6143
23.496
23.4449
23.3883
23.3925
23.3904
23.4474
23.5388
23.6544
23.9383
23.817
23.9083
23.9102
23.942
23.9234
23.9157
23.9107
23.9195
23.9292
23.9096
23.9619
23.8935
23.9079
23.9278
23.8979
23.8711
23.9029
23.915
23.9219
24.0393
24.129
24.156
24.1929
24.1925
24.1397
24.1174
24.1367
24.1629
24.2672
24.2726
24.1715
24.1348
24.1124
24.2437
24.1942
24.2003
24.2036
24.2503
24.3178
24.4558
24.7607
24.8279
24.7117
24.7324
24.6904
24.6692
24.677
24.7045
24.7439
24.8959
25.0033
24.9414
24.9156
24.9812
24.9205
24.9104
24.9428
25.0844
25.1546
25.125
25.2352
25.2398
25.228
25.3152
25.313
25.3101
25.32
25.2937
25.3769
25.2894
25.4107
25.4279
25.4755
25.4269
25.3895
25.419
25.4393
25.3789
25.5325
25.503
25.509
25.5223
25.4938
25.5121
25.5059
25.4989
25.5382
25.5378
25.785
25.8334
25.8377
25.8234
25.7964
25.747
25.7486
25.7338
25.7773
25.8949
25.9924
26.0299
25.9991
25.9507
25.9331
25.9323
25.9338
25.9177
26.024
26.0679
26.1212
26.1632
26.2179
26.1939
26.21
26.1874
26.1222
26.0708
26.1806
26.2691
26.2865
26.2841
26.1826
26.1355
26.1353
26.1233
26.1641
26.1811
26.1375
26.226
26.216
26.2676
26.2606
26.2603
26.2733
26.2431
26.2222
26.3766
26.5049
26.4519
26.5736
26.5616
26.5928
26.6118
26.7104
26.7592
26.8909
26.8364
26.7814
26.7552
26.6843
26.7149
26.7302
26.704
26.8249
26.8051
26.8571
26.7687
26.6473
26.6868
26.6516
26.6523
26.6617
26.6692
26.7623
26.7984
26.8507
26.9878
27.052
27.0176
27.0135
27.0479
26.987
26.968
26.9612
27.1887
27.17
27.1584
27.1067
27.1066
27.1233
27.1686
27.2961
27.3782
27.5598
27.5437
27.4492
27.4048
27.4002
27.4268
27.5506
27.5897
27.7743
27.7382
27.7524
27.7647
27.767
27.7689
27.7549
27.9056
27.93
27.9546
27.9243
28.0033
28.0404
28.0538
28.0427
28.0626
28.2056
28.2071
28.2594
28.2461
28.2212
28.2279
28.2255
28.2582
28.4005
28.3706
28.3644
28.3053
28.263
28.1621
28.1244
28.1254
28.1739
28.2506
28.447
28.4932
28.4671
28.4731
28.4178
28.4209
28.4159
28.4382
28.4926
28.5837
28.7868
28.7592
28.7438
28.7098
28.7069
28.7312
28.7816
28.9487
28.9709
28.8985
28.7124
28.6718
28.673
28.7091
28.7889
28.8856
28.8605
28.9257
28.8753
28.8763
28.8425
28.84
28.832
28.8646
28.8271
28.8683
28.9342
28.8105
28.8054
28.7902
28.7731
28.8023
29.0302
29.0411
28.9963
29.0742
29.0514
29.0039
29.0108
29.007
29.0985
29.138
29.1573
29.2652
29.2162
29.1691
