0.079936
0.079808
0.07968
0.079552
0.079424
0.079296
0.079168
0.07904
0.078912
0.078784
0.078656
0.078528
0.0784
0.078272
0.078144
0.078016
0.077888
0.07776
0.077632
0.077504
0.077376
0.077248
0.07712
0.076992
0.076864
0.076736
0.076608
0.07648
0.076352
0.076224
0.076096
0.075968
0.07584
0.075712
0.075584
0.075456
0.075328
0.0752
0.075072
0.074944
0.074816
0.074688
0.07456
0.074432
0.074304
0.074176
0.074048
0.07392
0.073792
0.073664
0.073536
0.073408
0.07328
0.073152
0.073024
0.072896
0.072768
0.07264
0.072512
0.072384
0.072256
0.072128
0.072
0.071872
0.071744
0.071616
0.071488
0.07136
0.071232
0.071104
0.070976
0.070848
0.07072
0.070592
0.070464
0.070336
0.070208
0.07008
0.069952
0.069824
0.069696
0.069568
0.06944
0.069312
0.069184
0.069056
0.068928
0.0688
0.068672
0.068544
0.068416
0.068288
0.06816
0.068032
0.067904
0.067776
0.067648
0.06752
0.067392
0.067264
0.067136
0.067008
0.06688
0.066752
0.066624
0.066496
0.066368
0.06624
0.066112
0.065984
0.065856
0.065728
0.0656
0.065472
0.065344
0.065216
0.065088
0.06496
0.064832
0.064704
0.064576
0.064448
0.06432
0.064192
0.064064
0.063936
0.063808
0.06368
0.063552
0.063424
0.063296
0.063168
0.06304
0.062912
0.062784
0.062656
0.062528
0.0624
0.062272
0.062144
0.062016
0.061888
0.06176
0.061632
0.061504
0.061376
0.061248
0.06112
0.060992
0.060864
0.060736
0.060608
0.06048
0.060352
0.060224
0.060096
0.059968
0.05984
0.059712
0.059584
0.059456
0.059328
0.0592
0.059072
0.058944
0.058816
0.058688
0.05856
0.058432
0.058304
0.058176
0.058048
0.05792
0.057792
0.057664
0.057536
0.057408
0.05728
0.057152
0.057024
0.056896
0.056768
0.05664
0.056512
0.056384
0.056256
0.056128
0.056
0.055872
0.055744
0.055616
0.055488
0.05536
0.055232
0.055104
0.054976
0.054848
0.05472
0.054592
0.054464
0.054336
0.054208
0.05408
0.053952
0.053824
0.053696
0.053568
0.05344
0.053312
0.053184
0.053056
0.052928
0.0528
0.052672
0.052544
0.052416
0.052288
0.05216
0.052032
0.051904
0.051776
0.051648
0.05152
0.051392
0.051264
0.051136
0.051008
0.05088
0.050752
0.050624
0.050496
0.050368
0.05024
0.050112
0.049984
0.049856
0.049728
0.0496
0.049472
0.049344
0.049216
0.049088
0.04896
0.048832
0.048704
0.048576
0.048448
0.04832
0.048192
0.048064
0.047936
0.047808
0.04768
0.047552
0.047424
0.047296
0.047168
0.04704
0.046912
0.046784
0.046656
0.046528
0.0464
0.046272
0.046144
0.046016
0.045888
0.04576
0.045632
0.045504
0.045376
0.045248
0.04512
0.044992
0.044864
0.044736
0.044608
0.04448
0.044352
0.044224
0.044096
0.043968
0.04384
0.043712
0.043584
0.043456
0.043328
0.0432
0.043072
0.042944
0.042816
0.042688
0.04256
0.042432
0.042304
0.042176
0.042048
0.04192
0.041792
0.041664
0.041536
0.041408
0.04128
0.041152
0.041024
0.040896
0.040768
0.04064
0.040512
0.040384
0.040256
0.040128
0.04
0.039872
0.039744
0.039616
0.039488
0.03936
0.039232
0.039104
0.038976
0.038848
0.03872
0.038592
0.038464
0.038336
0.038208
0.03808
0.037952
0.037824
0.037696
0.037568
0.03744
0.037312
0.037184
0.037056
0.036928
0.0368
0.036672
0.036544
0.036416
0.036288
0.03616
0.036032
0.035904
0.035776
0.035648
0.03552
0.035392
0.035264
0.035136
0.035008
0.03488
0.034752
0.034624
0.034496
0.034368
0.03424
0.034112
0.033984
0.033856
0.033728
0.0336
0.033472
0.033344
0.033216
0.033088
0.03296
0.032832
0.032704
0.032576
0.032448
0.03232
0.032192
0.032064
0.031936
0.031808
0.03168
0.031552
0.031424
0.031296
0.031168
0.03104
0.030912
0.030784
0.030656
0.030528
0.0304
0.030272
0.030144
0.030016
0.029888
0.02976
0.029632
0.029504
0.029376
0.029248
0.02912
0.028992
0.028864
0.028736
0.028608
0.02848
0.028352
0.028224
0.028096
0.027968
0.02784
0.027712
0.027584
0.027456
0.027328
0.0272
0.027072
0.026944
0.026816
0.026688
0.02656
0.026432
0.026304
0.026176
0.026048
0.02592
0.025792
0.025664
0.025536
0.025408
0.02528
0.025152
0.025024
0.024896
0.024768
0.02464
0.024512
0.024384
0.024256
0.024128
0.024
0.023872
0.023744
0.023616
0.023488
0.02336
0.023232
0.023104
0.022976
0.022848
0.02272
0.022592
0.022464
0.022336
0.022208
0.02208
0.021952
0.021824
0.021696
0.021568
0.02144
0.021312
0.021184
0.021056
0.020928
0.0208
0.020672
0.020544
0.020416
0.020288
0.02016
0.020032
0.019904
0.019776
0.019648
0.01952
0.019392
0.019264
0.019136
0.019008
0.01888
0.018752
0.018624
0.018496
0.018368
0.01824
0.018112
0.017984
0.017856
0.017728
0.0176
0.017472
0.017344
0.017216
0.017088
0.01696
0.016832
0.016704
0.016576
0.016448
0.01632
0.016192
0.016064
0.016064
0.016192
0.01632
0.016448
0.016576
0.016704
0.016832
0.01696
0.017088
0.017216
0.017344
0.017472
0.0176
0.017728
0.017856
0.017984
0.018112
0.01824
0.018368
0.018496
0.018624
0.018752
0.01888
0.019008
0.019136
0.019264
0.019392
0.01952
0.019648
0.019776
0.019904
0.020032
0.02016
0.020288
0.020416
0.020544
0.020672
0.0208
0.020928
0.021056
0.021184
0.021312
0.02144
0.021568
0.021696
0.021824
0.021952
0.02208
0.022208
0.022336
0.022464
0.022592
0.02272
0.022848
0.022976
0.023104
0.023232
0.02336
0.023488
0.023616
0.023744
0.023872
0.024
0.024128
0.024256
0.024384
0.024512
0.02464
0.024768
0.024896
0.025024
0.025152
0.02528
0.025408
0.025536
0.025664
0.025792
0.02592
0.026048
0.026176
0.026304
0.026432
0.02656
0.026688
0.026816
0.026944
0.027072
0.0272
0.027328
0.027456
0.027584
0.027712
0.02784
0.027968
0.028096
0.028224
0.028352
0.02848
0.028608
0.028736
0.028864
0.028992
0.02912
0.029248
0.029376
0.029504
0.029632
0.02976
0.029888
0.030016
0.030144
0.030272
0.0304
0.030528
0.030656
0.030784
0.030912
0.03104
0.031168
0.031296
0.031424
0.031552
0.03168
0.031808
0.031936
0.032064
0.032192
0.03232
0.032448
0.032576
0.032704
0.032832
0.03296
0.033088
0.033216
0.033344
0.033472
0.0336
0.033728
0.033856
0.033984
0.034112
0.03424
0.034368
0.034496
0.034624
0.034752
0.03488
0.035008
0.035136
0.035264
0.035392
0.03552
0.035648
0.035776
0.035904
0.036032
0.03616
0.036288
0.036416
0.036544
0.036672
0.0368
0.036928
0.037056
0.037184
0.037312
0.03744
0.037568
0.037696
0.037824
0.037952
0.03808
0.038208
0.038336
0.038464
0.038592
0.03872
0.038848
0.038976
0.039104
0.039232
0.03936
0.039488
0.039616
0.039744
0.039872
0.04
0.040128
0.040256
0.040384
0.040512
0.04064
0.040768
0.040896
0.041024
0.041152
0.04128
0.041408
0.041536
0.041664
0.041792
0.04192
0.042048
0.042176
0.042304
0.042432
0.04256
0.042688
0.042816
0.042944
0.043072
0.0432
0.043328
0.043456
0.043584
0.043712
0.04384
0.043968
0.044096
0.044224
0.044352
0.04448
0.044608
0.044736
0.044864
0.044992
0.04512
0.045248
0.045376
0.045504
0.045632
0.04576
0.045888
0.046016
0.046144
0.046272
0.0464
0.046528
0.046656
0.046784
0.046912
0.04704
0.047168
0.047296
0.047424
0.047552
0.04768
0.047808
0.047936
0.048064
0.048192
0.04832
0.048448
0.048576
0.048704
0.048832
0.04896
0.049088
0.049216
0.049344
0.049472
0.0496
0.049728
0.049856
0.049984
0.050112
0.05024
0.050368
0.050496
0.050624
0.050752
0.05088
0.051008
0.051136
0.051264
0.051392
0.05152
0.051648
0.051776
0.051904
0.052032
0.05216
0.052288
0.052416
0.052544
0.052672
0.0528
0.052928
0.053056
0.053184
0.053312
0.05344
0.053568
0.053696
0.053824
0.053952
0.05408
0.054208
0.054336
0.054464
0.054592
0.05472
0.054848
0.054976
0.055104
0.055232
0.05536
0.055488
0.055616
0.055744
0.055872
0.056
0.056128
0.056256
0.056384
0.056512
0.05664
0.056768
0.056896
0.057024
0.057152
0.05728
0.057408
0.057536
0.057664
0.057792
0.05792
0.058048
0.058176
0.058304
0.058432
0.05856
0.058688
0.058816
0.058944
0.059072
0.0592
0.059328
0.059456
0.059584
0.059712
0.05984
0.059968
0.060096
0.060224
0.060352
0.06048
0.060608
0.060736
0.060864
0.060992
0.06112
0.061248
0.061376
0.061504
0.061632
0.06176
0.061888
0.062016
0.062144
0.062272
0.0624
0.062528
0.062656
0.062784
0.062912
0.06304
0.063168
0.063296
0.063424
0.063552
0.06368
0.063808
0.063936
0.064064
0.064192
0.06432
0.064448
0.064576
0.064704
0.064832
0.06496
0.065088
0.065216
0.065344
0.065472
0.0656
0.065728
0.065856
0.065984
0.066112
0.06624
0.066368
0.066496
0.066624
0.066752
0.06688
0.067008
0.067136
0.067264
0.067392
0.06752
0.067648
0.067776
0.067904
0.068032
0.06816
0.068288
0.068416
0.068544
0.068672
0.0688
0.068928
0.069056
0.069184
0.069312
0.06944
0.069568
0.069696
0.069824
0.069952
0.07008
0.070208
0.070336
0.070464
0.070592
0.07072
0.070848
0.070976
0.071104
0.071232
0.07136
0.071488
0.071616
0.071744
0.071872
0.072
0.072128
0.072256
0.072384
0.072512
0.07264
0.072768
0.072896
0.073024
0.073152
0.07328
0.073408
0.073536
0.073664
0.073792
0.07392
0.074048
0.074176
0.074304
0.074432
0.07456
0.074688
0.074816
0.074944
0.075072
0.0752
0.075328
0.075456
0.075584
0.075712
0.07584
0.075968
0.076096
0.076224
0.076352
0.07648
0.076608
0.076736
0.076864
0.076992
0.07712
0.077248
0.077376
0.077504
0.077632
0.07776
0.077888
0.078016
0.078144
0.078272
0.0784
0.078528
0.078656
0.078784
0.078912
0.07904
0.079168
0.079296
0.079424
0.079552
0.07968
0.079808
