1.62112
1.65493
0.490979
0.0123141
0.154418
1.27013
1.2759
1.68763
0.389555
0.000108361
0.0013696
1.43419
1.4053
2.23126
0.753788
0.196646
0.0735227
1.0089
1.67427
1.75906
1.05062
0.907356
0.00208395
0.0974662
1.60716
1.70605
0.731124
1.38406
0.105584
3.45621e-05
0.262371
1.33458
1.78062
1.50204
1.29862
0.101796
0.296472
0.44991
1.45476
1.71323
0.894312
0.355733
0.000213622
0.989515
1.92285
1.90722
1.46314
0.615298
0.157456
0.145783
0.432245
1.22636
0.84422
1.29757
0.463172
0.28338
0.0536646
0.387555
0.515451
2.17607
0.55749
1.39351
0.327076
0.106693
1.44138
0.723593
1.53725
0.869609
0.451496
0.331269
0.0386497
1.04573
0.679236
1.76542
0.560655
0.472767
0.472553
0.178142
1.22929
1.60094
1.72543
0.559391
1.16156
0.0981736
0.00489187
0.337637
0.478283
1.14341
1.37792
1.00689
0.170907
0.034131
1.00683
1.09131
1.45441
2.27368
1.20937
0.887341
0.228174
0.233131
0.913005
1.3625
1.60652
1.77194
1.03047
0.103605
0.0454268
0.737357
0.300826
1.99374
1.83813
0.567847
0.793161
0.0362783
0.0181976
0.708698
1.23085
1.79136
1.74032
0.451812
0.261337
0.237946
0.0755691
1.58372
1.43956
2.19166
1.52144
0.51516
0.0404903
0.10139
0.242219
0.383311
1.28757
2.24195
1.0715
0.399256
0.341391
0.0931434
0.862629
1.21203
2.14348
2.13735
0.423165
0.817337
0.847548
0.00137244
0.196514
0.327446
0.827721
1.26918
1.54506
0.621315
0.485922
0.0279559
0.0394929
0.481768
0.85467
1.79972
0.977553
1.1209
0.59896
0.0900916
0.0934029
0.377159
0.804341
1.09128
2.1389
0.54855
1.18175
0.726395
0.00295002
0.167633
0.284097
1.81499
1.75323
0.988929
1.72735
0.374274
0.047552
0.118108
0.71212
0.784028
1.78154
1.00116
1.64396
1.20542
0.505987
0.00638569
0.0261476
0.341278
1.61069
2.18205
1.33174
1.11977
0.552952
0.355804
0.106287
0.0170684
0.208065
1.59363
1.05047
2.17046
1.58219
1.42373
0.242062
0.321113
3.49178e-05
0.144841
1.66537
1.77837
2.04453
1.47946
1.8992
0.549175
0.0857434
0.00318703
0.0491503
0.371408
1.86854
1.40537
1.60203
1.21879
1.50301
0.384821
0.224535
0.0383731
0.322026
1.21873
1.66027
1.40852
1.71013
0.891684
1.31073
1.07848
0.165183
0.248504
0.374558
0.872365
0.913408
1.36944
0.862573
2.21972
1.32138
0.748489
0.10417
0.000232372
0.353036
0.744534
1.22069
1.0139
1.57775
1.4222
1.61723
0.425196
0.0854125
0.0256284
0.152152
0.639921
0.399979
0.799235
1.87667
1.88163
1.50086
1.80212
1.02469
0.0229355
0.00986024
0.281611
0.336055
1.59118
0.646344
1.35593
1.81105
1.14182
0.368601
0.79983
0.20445
0.0985946
0.0541427
0.285351
1.43075
1.50479
1.78393
0.87358
1.50154
1.88008
0.300746
0.867155
8.4007e-09
0.0146319
0.286138
0.552877
1.41239
1.74553
1.97671
1.402
1.6723
1.21875
0.87219
0.177167
1.86135e-06
0.0613792
0.50939
1.14828
1.24275
1.85301
2.2116
1.71691
1.7626
1.60614
0.461201
0.117536
0.00408981
0.00582102
0.131264
1.21055
1.35717
1.8478
1.36593
1.33313
0.885153
0.905362
0.89452
0.503815
0.407029
0.0133724
4.55527e-05
0.0597712
0.89665
0.625767
1.73536
1.78041
1.79953
1.92569
1.27433
0.579515
0.494398
0.178588
0.0170251
0.00539886
0.0909551
0.575763
1.38079
1.75832
1.07818
1.60088
1.48462
0.84899
1.34156
0.915044
0.609322
0.272261
2.57747e-05
0.0281172
0.246966
0.357098
0.609809
0.924326
1.0329
1.76915
1.83257
1.67781
1.44475
1.28292
1.17177
0.565302
0.135437
0.000721449
0.0382343
0.188369
0.429901
1.11485
1.29722
1.31117
1.97576
1.47632
1.88537
2.1097
1.57916
0.342674
0.44948
0.19765
0.0857437
0.0104943
0.185709
0.266709
1.33443
1.21437
1.23455
1.65314
1.83959
1.32826
1.26993
1.66684
1.4556
0.501562
0.213151
0.747272
0.047266
0.0766354
0.0141725
0.0870736
0.223027
1.08738
0.903791
0.86287
1.3051
2.03924
1.74596
1.803
1.95101
0.87093
1.28942
0.706773
1.09362
0.74449
0.805569
0.114887
6.79696e-06
0.0618329
0.125355
0.584984
1.10615
0.347091
1.58315
1.21837
2.24095
1.83631
1.45471
1.956
0.514719
1.59471
0.350971
0.854476
1.11647
0.190068
0.0131133
0.00672922
0.022588
0.0284095
0.314075
0.54233
1.12575
0.386743
1.69988
1.64369
1.09383
1.95993
1.95364
1.85946
2.16883
1.62985
0.988106
0.993578
0.513721
1.10763
0.62243
0.194303
0.094322
0.0895995
0.0297136
0.116877
0.143791
0.198236
0.122291
1.01682
0.837322
1.11851
1.71555
0.838793
1.54076
1.8283
1.98814
0.945771
1.76663
1.81057
0.994083
1.43574
1.15113
0.67615
0.353165
0.262101
0.51812
0.110259
0.0192786
0.00512889
0.163022
0.0739184
0.056505
0.297404
1.32111
1.01702
0.413574
0.390894
0.98285
0.88417
1.7972
2.02874
1.46683
2.04193
1.8772
1.45128
2.11021
0.892509
1.38706
1.49799
0.975271
1.38115
0.43135
0.401
1.05896
0.364366
0.114757
0.0379814
0.00787771
0.183606
0.0298206
0.255785
0.378308
0.432834
0.267531
0.472032
1.25426
0.664248
1.07043
2.04723
1.48249
1.89387
1.66252
1.37781
1.0737
1.6631
1.83726
0.917586
1.13625
0.988177
0.324069
0.32186
0.144779
0.00113214
0.00198726
0.000298459
0.00201138
0.199447
0.32681
0.232954
0.636348
1.53762
1.76872
0.975545
1.37855
1.42726
1.24976
1.84617
1.77757
1.41648
0.869913
1.5673
0.766632
0.22642
0.183969
0.0407245
0.00313143
0.0148095
0.0380956
0.370197
0.261817
0.973287
0.771147
1.43411
1.62229
0.971091
1.0281
2.09928
1.92895
0.735519
1.73817
1.63386
1.17851
1.00134
0.195731
0.422711
0.00292465
1.96021e-06
0.373659
0.387726
1.10343
1.87473
0.600902
0.966543
1.34153
1.75907
1.98075
1.64391
1.39835
1.05451
0.424203
0.532969
0.469587
0.0140614
0.0381315
3.40342e-05
0.33301
1.20291
0.646639
0.938546
1.07934
1.6251
1.06737
1.42627
1.30087
1.76944
1.37338
1.18004
0.36937
0.132858
0.0918537
0.0969758
0.0219913
0.290126
0.73886
0.396111
1.16206
1.52487
0.813451
1.19373
1.82416
0.850097
0.625816
1.14462
1.13382
0.367795
0.0114566
0.0342318
0.796093
0.383721
1.01621
1.40512
0.411031
1.10878
1.52986
1.8371
1.87555
1.2996
0.284818
0.2548
0.296617
0.0151478
0.0379055
0.166602
0.320584
0.213807
1.72884
1.41482
1.04372
0.99248
1.29865
0.772069
0.906502
0.166515
0.307455
0.00365592
0.017948
0.676967
0.503764
0.661163
1.89213
1.60406
0.829828
2.17692
0.33397
1.45316
0.514757
0.146864
0.105117
0.000308246
0.0805526
0.331933
1.17852
0.64301
1.16357
0.697592
1.58385
1.66682
1.29512
0.461125
0.264934
0.111906
0.0437402
0.878344
1.00903
1.1089
1.33222
0.777151
1.21329
2.32094
1.33774
0.862962
0.211788
0.214983
0.00187185
0.450846
0.465554
1.31045
1.78936
1.05465
1.65043
1.33893
1.01773
1.25519
0.514238
0.112633
0.0123289
0.0105435
0.85981
1.46424
1.09325
1.35977
1.56819
0.587873
0.593394
0.880148
0.214777
0.0876684
0.123579
0.168903
1.31776
1.68011
1.92378
1.56209
1.44363
0.608262
0.480594
0.209416
0.0111086
0.0042712
0.2007
1.52911
1.39783
1.41686
1.85432
1.41652
0.970636
0.223335
0.0212513
0.0232693
0.0959624
0.700601
0.666992
1.6443
0.754823
0.637591
0.799628
0.528769
0.0909072
0.0933588
0.0716831
0.491073
0.932349
1.08451
0.842071
2.2282
0.73035
1.43456
0.168175
0.032429
0.121608
0.476213
1.44116
1.04176
1.02841
0.850093
0.918471
0.867187
0.0419676
0.0179365
0.0746058
0.240361
0.663788
1.65983
1.55829
2.02695
1.26665
0.658014
0.326745
0.282733
0.503262
1.52225
1.20775
1.6695
1.39482
1.9795
1.40875
0.21921
0.00164694
0.0995244
0.586383
1.16603
0.802032
1.8764
2.04861
1.10807
0.423146
0.0424486
0.176285
0.892994
1.08729
1.74908
0.708375
1.71248
1.66179
0.402925
0.00438102
0.00697458
0.724935
1.6244
1.60997
2.07096
1.68033
1.50924
0.311995
0.10731
0.026008
1.02442
1.52449
1.93943
1.73189
1.90508
1.15706
0.312231
0.0027326
0.329061
0.756861
0.914752
1.06078
0.975313
1.88163
1.2445
0.444206
0.291705
0.168131
0.557271
1.64976
1.30379
1.8386
0.713526
0.0572282
0.0145877
0.582264
1.60942
1.69804
1.42182
1.73827
0.672418
0.0857158
0.0405344
0.597189
0.231645
0.905938
2.11629
0.639862
1.1026
0.276778
5.12916e-05
0.378601
0.776123
0.865009
2.06772
1.17075
0.437156
0.371021
0.0227578
0.767169
0.583994
2.14856
0.96787
0.847472
0.703271
0.575313
0.0649671
0.170839
0.773596
2.00248
1.65073
1.5875
0.253955
0.111196
0.28319
0.592716
1.83872
0.590539
1.39978
1.23539
0.176241
0.00911206
0.371015
1.11219
0.829391
1.54748
2.12795
0.577964
0.0913326
0.00903509
0.711772
0.785253
1.29331
1.84849
1.07878
0.0672134
0.0596291
0.126215
1.97183
1.80132
1.50463
1.47697
0.228204
0.17836
0.139488
0.954117
1.97954
2.02995
1.26798
1.06923
0.061835
0.633291
1.27282
0.778426
2.12127
2.01158
0.815551
0.226587
0.209095
1.29955
1.17293
1.31673
1.14846
0.655797
0.00417386
0.182001
0.271652
1.1459
2.06903
1.43979
0.938746
0.218227
0.168243
0.801857
1.5505
1.25325
0.782052
0.123083
0.00936411
0.511818
1.26921
0.698882
1.95695
1.16643
0.696259
0.0304053
0.450076
1.56404
0.724052
1.78525
1.65807
0.179583
0.182877
0.458347
1.08913
1.28259
1.04174
1.06332
0.0339812
1.00534
1.12061
1.87132
1.84088
1.54483
0.212493
0.0281225
1.04241
1.07893
0.862401
1.35229
0.245299
0.00261213
0.111841
0.342038
1.61073
1.27666
1.47016
0.0350639
0.0220637
0.649733
1.5116
2.02194
0.771015
0.179362
0.0652948
0.152807
0.707879
