0
2.51126
5.01851
7.52173
10.0209
12.5161
15.0073
17.4944
19.9775
22.4566
24.9317
27.4027
29.8698
32.3328
34.7918
37.2467
39.6977
42.1446
44.5875
47.0264
49.4612
51.8921
54.3189
56.7417
59.1605
61.5752
63.9859
66.3927
68.7953
71.194
73.5887
75.9793
78.3659
80.7485
83.127
85.5016
87.8721
90.2386
92.6011
94.9595
97.314
99.6644
102.011
104.353
106.692
109.026
111.356
113.682
116.005
118.323
120.637
122.947
125.254
127.556
129.854
132.148
134.438
136.724
139.006
141.284
143.558
145.828
148.094
150.356
152.614
154.868
157.118
159.364
161.606
163.843
166.077
168.307
170.533
172.754
174.972
177.186
179.395
181.601
183.803
186
188.194
190.384
192.569
194.751
196.928
199.102
201.271
203.436
205.598
207.755
209.909
212.058
214.203
216.345
218.482
220.615
222.744
224.87
226.991
229.108
231.221
233.33
235.435
237.537
239.634
241.727
243.816
245.901
247.982
250.059
252.132
254.201
256.265
258.326
260.383
262.436
264.485
266.53
268.57
270.607
272.64
274.669
276.693
278.714
280.731
282.743
284.752
286.757
288.757
290.754
292.746
294.735
296.719
298.7
300.676
302.648
304.617
306.581
308.542
310.498
312.45
314.399
316.343
318.283
320.219
322.151
324.08
326.004
327.924
329.84
331.752
333.66
335.564
337.464
339.36
341.252
343.14
345.024
346.904
348.78
350.652
352.52
354.384
356.244
358.099
359.951
361.799
363.643
365.482
367.318
369.15
370.977
372.801
374.621
376.436
378.248
380.055
381.859
383.658
385.454
387.245
389.033
390.816
392.596
394.371
396.142
397.91
399.673
401.432
403.187
404.939
406.686
408.429
410.168
411.904
413.635
415.362
417.085
418.804
420.519
422.23
423.937
425.64
427.339
429.034
430.725
432.412
434.095
435.774
437.448
439.119
440.786
442.449
444.108
445.762
447.413
449.06
450.702
452.341
453.976
455.606
457.233
458.855
460.474
462.089
463.699
465.306
466.908
468.506
470.101
471.691
473.278
474.86
476.438
478.013
479.583
481.149
482.711
484.27
485.824
487.374
488.92
490.462
492.001
493.535
495.065
496.591
498.113
499.631
501.145
502.655
504.161
505.663
507.161
508.655
510.144
511.63
513.112
514.59
516.064
517.533
518.999
520.461
521.919
523.372
524.822
526.268
527.709
529.147
530.58
532.01
533.435
534.857
536.274
537.688
539.097
540.503
541.904
543.302
544.695
546.084
547.47
548.851
550.228
551.601
552.971
554.336
555.697
557.054
558.407
559.756
561.102
562.443
563.78
565.113
566.442
567.767
569.088
570.405
571.718
573.027
574.331
575.632
576.929
578.222
579.511
580.796
582.076
583.353
584.626
585.894
587.159
588.42
589.676
590.929
592.178
593.422
594.663
595.899
597.132
598.36
599.585
600.805
602.022
603.234
604.442
605.647
606.847
608.043
609.236
610.424
611.608
612.789
613.965
615.137
616.305
617.469
618.629
619.785
620.938
622.086
623.23
624.37
625.506
626.638
627.766
628.89
630.009
631.125
632.237
633.345
634.449
635.549
636.645
637.736
638.824
639.908
640.987
642.063
643.135
644.202
645.266
646.326
647.381
648.433
649.48
650.524
651.563
652.599
653.63
654.658
655.681
656.7
657.716
658.727
659.734
660.738
661.737
662.732
663.724
664.711
665.694
666.673
667.648
668.619
669.586
670.55
671.509
672.464
673.415
674.362
675.305
676.244
677.179
678.11
679.036
679.959
680.878
681.793
682.704
683.611
684.513
685.412
686.307
687.198
688.084
688.967
689.845
690.72
691.591
692.457
693.32
694.178
695.033
695.883
696.73
697.572
698.411
699.245
700.076
700.902
701.724
702.543
703.357
704.167
704.973
705.776
706.574
707.368
708.158
708.944
709.726
710.505
711.279
712.049
712.815
713.577
714.335
715.089
715.839
716.585
717.327
718.065
718.798
719.528
720.254
720.976
721.694
722.407
723.117
723.823
724.525
725.222
725.916
726.606
727.291
727.973
728.65
729.324
729.994
730.659
731.321
731.978
732.631
733.281
733.926
734.568
735.205
735.838
736.468
737.093
737.714
738.332
738.945
739.554
740.159
740.76
741.358
741.951
742.54
743.125
743.706
744.283
744.856
745.425
745.99
746.551
747.108
747.661
748.21
748.755
749.295
749.832
750.365
750.894
751.419
751.939
752.456
752.969
753.478
-251.327
-250.823
-250.314
-249.801
-249.285
-248.764
-248.239
-247.71
-247.177
-246.641
-246.1
-245.555
-245.006
-244.453
-243.896
-243.335
-242.77
-242.201
-241.628
-241.051
-240.47
-239.885
-239.296
-238.703
-238.106
-237.504
-236.899
-236.29
-235.677
-235.059
-234.438
-233.813
-233.184
-232.55
-231.913
-231.271
-230.626
-229.977
-229.323
-228.666
-228.004
-227.339
-226.669
-225.996
-225.318
-224.636
-223.951
-223.261
-222.568
-221.87
-221.168
-220.462
-219.753
-219.039
-218.321
-217.599
-216.873
-216.144
-215.41
-214.672
-213.93
-213.184
-212.434
-211.68
-210.922
-210.16
-209.394
-208.624
-207.85
-207.072
-206.29
-205.503
-204.713
-203.919
-203.121
-202.319
-201.512
-200.702
-199.888
-199.069
-198.247
-197.421
-196.59
-195.756
-194.917
-194.075
-193.229
-192.378
-191.524
-190.665
-189.802
-188.936
-188.065
-187.191
-186.312
-185.429
-184.543
-183.652
-182.757
-181.859
-180.956
-180.049
-179.138
-178.223
-177.304
-176.382
-175.455
-174.524
-173.589
-172.65
-171.707
-170.76
-169.809
-168.854
-167.895
-166.932
-165.965
-164.993
-164.018
-163.039
-162.056
-161.069
-160.077
-159.082
-158.083
-157.08
-156.072
-155.061
-154.046
-153.026
-152.003
-150.975
-149.944
-148.908
-147.869
-146.825
-145.778
-144.726
-143.671
-142.611
-141.548
-140.48
-139.408
-138.333
-137.253
-136.169
-135.081
-133.99
-132.894
-131.794
-130.69
-129.582
-128.471
-127.355
-126.235
-125.111
-123.983
-122.851
-121.715
-120.575
-119.431
-118.283
-117.131
-115.975
-114.814
-113.65
-112.482
-111.31
-110.134
-108.953
-107.769
-106.581
-105.389
-104.192
-102.992
-101.788
-100.579
-99.3668
-98.1504
-96.9299
-95.7055
-94.477
-93.2445
-92.0079
-90.7674
-89.5228
-88.2742
-87.0216
-85.765
-84.5043
-83.2396
-81.9709
-80.6982
-79.4215
-78.1407
-76.8559
-75.5671
-74.2743
-72.9774
-71.6766
-70.3717
-69.0628
-67.7498
-66.4329
-65.1119
-63.7869
-62.4579
-61.1248
-59.7878
-58.4467
-57.1016
-55.7525
-54.3993
-53.0421
-51.681
-50.3157
-48.9465
-47.5733
-46.196
-44.8147
-43.4294
-42.04
-40.6467
-39.2493
-37.8479
-36.4425
-35.033
-33.6196
-32.2021
-30.7806
-29.355
-27.9255
-26.4919
-25.0543
-23.6127
-22.1671
-20.7174
-19.2637
-17.806
-16.3443
-14.8786
-13.4088
-11.935
-10.4572
-8.9754
-7.48956
-5.99969
-4.5058
-3.00789
-1.50595
0
1.50998
3.02397
4.54199
6.06403
7.59009
9.12017
10.6543
12.1924
13.7345
15.2807
16.8309
18.3851
19.9433
21.5056
23.0719
24.6422
26.2165
27.7948
29.3772
30.9635
32.5539
34.1484
35.7468
37.3493
38.9557
40.5663
42.1808
43.7993
45.4219
47.0485
48.6791
50.3137
51.9524
53.5951
55.2418
56.8925
58.5472
60.206
61.8688
63.5356
65.2064
66.8812
68.5601
70.243
71.9299
73.6208
75.3158
77.0148
78.7178
80.4248
82.1358
83.8509
85.5699
87.293
89.0202
90.7513
92.4865
94.2257
95.9689
97.7161
99.4673
101.223
102.982
104.745
106.513
108.284
110.059
111.839
113.622
115.41
117.201
118.996
120.796
122.6
124.407
126.219
128.034
129.854
131.677
133.505
135.337
137.172
139.012
140.856
142.704
144.555
146.411
148.271
150.135
152.003
153.875
155.751
157.631
159.514
161.402
163.294
165.19
167.091
168.995
170.903
172.815
174.731
176.651
178.575
180.503
182.436
184.372
186.312
188.256
190.205
192.157
194.113
196.074
198.038
200.006
201.979
203.955
205.936
207.92
209.909
211.901
213.898
215.898
217.903
219.911
221.924
223.941
225.961
227.986
230.015
232.048
234.084
236.125
238.17
240.219
242.272
244.328
246.389
248.454
250.523
252.596
254.673
256.754
258.839
260.928
263.021
265.118
267.219
269.324
271.434
273.547
275.664
277.785
279.91
282.04
284.173
286.31
288.451
290.597
292.746
294.9
297.057
299.218
301.384
303.553
305.727
307.904
310.086
312.271
314.461
316.654
318.852
321.054
323.259
325.469
327.683
329.9
332.122
334.348
336.578
338.811
341.049
343.291
345.537
347.787
350.041
352.299
354.561
356.827
359.097
361.371
363.649
365.931
368.217
370.507
372.801
375.099
377.401
379.707
382.018
384.332
386.65
388.972
391.299
393.629
395.963
398.302
400.644
402.99
405.341
407.695
410.054
412.416
414.783
417.153
419.528
421.906
424.289
426.676
429.066
431.461
433.859
436.262
438.669
441.08
443.494
445.913
448.336
450.763
453.194
455.628
458.067
460.51
462.957
465.408
467.863
470.322
472.785
475.252
477.723
480.198
482.677
485.16
487.648
490.139
492.634
495.133
497.636
500.144
