1.18516
1.56829
-0.977233
1.83034
1.24603
1.49909
0.843011
1.13928
0.906666
-0.227258
0.165384
0.371632
0.238938
0.154357
-0.567017
-0.533493
-0.495905
-0.960496
-1.17562
-1.38785
-0.335651
-0.512003
0.789919
-1.49584
-1.38501
-0.290128
-1.07516
1.41197
1.72694
0.886778
1.34338
0.771581
1.15451
-0.853861
-0.925108
0.716872
-0.383092
0.300638
0.0971704
-0.275353
-0.6584
0.27705
-0.986122
-0.8561
-1.02502
-1.5714
-1.48318
-1.21792
-1.6217
-1.65018
-1.8958
1.53886
0.186039
0.516018
0.649224
-1.26653
-1.14565
1.27357
1.25879
0.623928
-0.60375
0.266748
0.168932
0.15622
-0.0987346
-0.632376
-0.790431
-0.85497
0.752087
0.0267097
-0.313973
-1.00158
0.693602
1.29973
0.142002
-0.259567
-1.92562
0.93644
1.5032
-0.0203286
-0.233883
1.55564
0.872011
1.31562
0.781275
-0.7855
0.212989
0.41033
0.087963
0.0824718
-0.28208
-0.490332
0.371983
-0.675513
-0.311938
1.02753
-1.87705
-1.49753
-2.02896
-0.632602
1.2021
1.4748
0.172639
-1.1268
1.32883
1.26107
-0.829792
0.655538
-0.868443
1.00189
0.690987
0.592132
0.23912
0.0230392
0.0511105
-0.22953
-0.499558
-0.777186
0.835436
-0.957006
-1.34311
0.815373
-1.50816
0.0498811
0.483487
0.112891
-0.0242922
0.801127
1.72288
1.4089
-1.50163
1.31365
-0.918166
1.37625
0.955312
0.680815
0.608001
0.17373
0.206752
-0.188115
-0.494014
-0.591993
-0.424189
-0.858828
0.143115
-0.750484
0.470694
0.483089
-1.46404
-0.76206
0.981188
-0.968601
1.75999
0.846763
1.66409
1.07045
0.780568
1.43452
-1.07405
1.06152
0.638569
0.939968
0.228317
0.290718
0.227513
-0.198738
-0.462032
-0.0727031
-0.654326
-0.384946
-1.27084
0.0414123
0.858475
-1.11291
0.513498
1.06187
-0.355933
-1.63569
-0.858288
1.56592
1.5111
-1.37444
1.26459
0.274177
-1.42464
0.840071
0.732002
0.574291
0.593122
-0.522063
-0.174638
-0.35898
-0.582508
-0.435279
-0.942292
-0.798399
-1.24206
0.565515
1.57188
1.36306
-1.69668
0.450179
0.853306
1.53462
-1.5313
-1.53306
1.46836
1.63146
1.21405
1.55912
1.40547
-0.739796
1.07777
0.592384
0.415709
0.093365
0.246263
-0.280686
-0.677232
0.65719
-0.652723
-0.736839
-0.0882445
-0.490309
-1.16126
0.598855
-0.137661
-0.665335
1.40846
-1.05035
0.849852
-0.717788
0.159816
1.20573
0.890573
1.15919
0.289189
1.10445
0.809082
0.484892
0.527685
0.617176
0.236643
-0.30312
0.4144
-0.523009
-1.31988
-1.03696
-1.35219
-1.51939
1.33021
1.23944
1.17617
1.49509
0.826178
-1.31461
1.77618
-0.727262
-0.933715
1.65631
-1.39299
0.414448
1.08796
0.0086055
-0.720018
1.0037
0.650332
0.0103611
-0.0957232
-0.119288
-0.573525
-0.658518
-0.788657
0.760353
-1.2516
-0.965766
0.144045
1.70274
1.21203
-1.24223
1.54652
-1.05406
1.68709
0.140128
-1.31659
1.88502
1.24427
-1.76046
-0.445032
0.95583
-0.897556
0.800957
0.304169
0.178561
0.0357329
0.253541
-0.300241
-0.468657
-0.580233
-1.06203
-0.833351
-1.32098
-0.238926
1.54019
-1.51829
-0.509861
-1.59542
-1.58781
-1.40594
0.913273
-0.629647
0.73815
0.105236
1.41134
0.874376
1.21383
-0.862654
-0.113924
0.779604
0.0642187
0.106579
0.0685511
0.317657
0.623263
-0.273865
-0.83976
-0.741621
0.0557228
1.22481
-1.12113
-1.70145
0.728176
-0.709703
0.0302998
-0.339424
-0.744823
-0.849626
-1.03886
-1.55496
1.66039
-0.905849
0.927963
0.433229
0.593834
0.851159
0.697863
0.514615
-0.0590388
-0.059172
-0.446608
-0.557236
-0.985559
0.665632
-1.11861
-0.988663
1.07123
-1.27377
-1.57859
-1.60656
0.917806
1.15847
-0.877112
1.38344
-0.578599
1.20387
1.48179
-0.639845
1.22413
-0.894583
1.16146
-0.868183
0.779424
-0.576797
-0.056108
-0.0546542
-0.0707564
-0.287784
-0.440351
0.598825
0.643266
0.0625337
-1.09342
-1.12523
0.815684
-1.17987
-1.20639
-1.77079
-0.691446
1.30927
-0.0107454
0.770135
1.38117
1.04268
-1.06273
1.43047
1.23867
0.879479
-0.482433
-0.2799
0.530018
-0.0499576
-0.138731
-0.144251
0.60602
0.76525
1.00419
-1.02658
-1.36872
-1.09254
0.345424
0.708077
-0.315476
-0.127905
1.61073
-0.0207914
1.11877
0.975085
1.25217
1.33987
-0.215521
0.821623
0.723546
1.2311
1.07225
0.785535
-0.494426
0.0409831
0.15141
0.194405
-0.690502
-0.600794
-0.776322
-0.811484
-1.143
-1.43489
0.594534
-0.512019
-0.741449
0.393462
-0.927027
0.164052
-1.48191
-0.618437
0.0841308
-1.20697
-0.17433
1.60792
1.34695
-0.840127
1.0547
0.54808
0.463357
0.0399058
0.374335
0.212809
-0.182219
0.168537
-0.565572
-0.897082
-1.30464
-1.42577
-1.11238
-1.3935
-1.60104
1.96244
-1.19711
-0.622497
0.759609
1.51551
-1.19835
1.99232
0.773309
1.40174
1.43583
-1.19258
1.30093
0.648978
0.705484
0.377812
0.377542
-0.349999
-0.00739264
-0.486973
-0.490706
-0.521251
-0.736638
-0.945878
-0.785395
0.990064
-0.915804
-1.1425
0.580969
-0.628664
1.31597
0.961949
0.889219
0.776462
-1.19666
-1.28383
1.37841
-0.793551
0.815691
0.901402
0.828889
0.579729
0.479246
0.61322
-0.168296
0.0392177
0.113456
-0.522036
-0.889176
-0.584354
0.263778
-1.17079
-1.44838
-0.648529
-1.25863
-0.554947
0.570749
1.38136
-1.70466
-0.53035
-1.73376
-0.132525
1.28865
1.6376
-0.924138
0.284135
1.326
0.949904
0.842621
0.594771
0.459076
0.413795
-0.11858
0.0176591
-0.415507
-0.415064
-0.374055
-0.840272
-0.85183
-0.283163
-1.10965
0.850635
-0.930922
-1.53479
-0.381332
-0.0391689
0.900809
-1.61638
-1.642
0.909047
0.898205
-0.542671
1.12497
1.36769
0.682954
-0.778025
0.856926
0.297323
-0.331782
0.221267
0.0461572
-0.38234
-0.600535
-0.121634
-0.983123
-1.1663
-1.06884
-1.20713
-1.3494
-0.373208
0.375956
0.448066
-0.00792147
0.909678
0.443273
0.121114
-0.35882
1.70721
1.38112
1.30659
0.240084
0.608832
0.830043
1.0601
0.877379
0.674789
0.13616
-0.183383
0.0142696
-0.337841
-0.64978
-0.668731
-0.876246
0.0320772
-1.10443
0.693246
0.551689
-1.07449
-1.06532
0.609863
-1.39966
-0.640735
1.10071
-0.506694
-0.194079
-0.763688
1.17078
0.185845
-0.361493
-0.965864
0.598362
0.679041
0.378039
0.627325
0.37342
0.150786
-0.216777
-0.603247
-0.370327
-0.736349
-1.13417
-0.747383
-1.08934
-1.32049
-0.25041
-0.0275382
0.586879
1.5026
0.385301
1.20973
1.49731
-0.914195
1.80693
0.188422
1.43833
1.23044
0.754543
1.19844
0.979915
0.00440578
0.945941
0.520772
0.50986
-0.00255089
-0.196655
-0.497393
-0.661961
-1.01535
-1.18035
1.0046
-1.56669
-1.32012
1.44738
-0.159638
-0.178807
0.847936
-0.45754
-0.749307
1.18847
-0.171662
1.25103
1.21508
0.882018
1.46084
-0.0106263
0.912521
0.453684
0.414001
0.42174
0.421196
0.112338
-0.103359
-0.172651
0.242132
-0.696208
-0.779068
-0.562231
0.378448
-0.513502
-1.1875
-1.33056
0.226482
-0.770164
-1.27387
0.737464
0.463968
-1.39479
-0.776425
1.73577
1.74519
-0.425022
1.56007
0.239551
-0.495935
-1.01078
1.06024
0.417029
0.37617
-0.0424362
-0.224006
-0.329857
-0.447506
-0.656922
-0.742058
-1.00135
-0.861348
-0.468237
-1.09221
-0.937004
-1.59009
-0.875963
1.35361
-1.12978
-1.08829
-0.355954
-0.835769
-1.11242
0.0767141
-0.971083
-0.37473
-0.41362
-0.381808
1.2731
1.01543
0.788026
0.440518
0.167038
0.338415
-0.194454
-0.250513
0.519253
-0.756845
-1.14651
-1.18417
-1.18773
-1.71728
1.11485
-1.77068
-1.49508
0.852848
-1.44375
-1.08407
1.90982
0.958621
-1.52838
1.28727
-1.50452
0.719782
0.276008
0.570118
0.784833
0.259842
-0.764795
0.581833
-0.164055
-0.257207
-0.0190879
-0.470545
-0.850927
-0.868527
-0.69948
-1.05319
-1.4134
-1.19229
1.27778
-0.90798
0.532351
-1.26297
-0.509322
-1.12172
1.96313
0.629257
1.1541
-1.16729
-0.648148
0.981528
0.825328
1.13453
1.08088
1.1174
0.882265
-0.0723909
0.267045
0.0174128
-0.234242
-0.292369
-0.80408
-0.5983
0.0556281
-0.788208
-0.462671
-1.14036
-1.04762
0.181328
0.0919683
-1.63915
-0.979605
-1.30717
-0.266391
-0.206595
1.67542
-1.41185
0.985064
1.31525
-0.505957
-1.06982
1.13186
-0.187653
0.845507
0.546918
-0.711288
0.139912
0.0332707
-0.0472293
-0.787739
-0.51581
0.0694309
-0.839583
-1.25769
0.114485
-1.45085
1.44418
-1.35985
0.404037
-0.715387
0.173525
-0.225644
0.51201
1.67178
1.00806
1.4322
1.42734
1.18199
-0.735729
1.52579
0.683398
0.436793
0.97441
-0.712391
0.663985
0.444792
-0.135541
0.198362
-0.153981
-0.505702
-0.260235
0.656216
-1.12717
1.3901
-0.676691
-0.622429
0.126258
0.831638
0.18025
0.361926
-1.47243
-0.144244
0.809112
1.42711
1.46253
0.470085
-0.139457
-0.799008
1.53862
1.06061
0.943114
-0.732122
0.831362
0.891208
0.416335
-0.141796
0.292239
-0.479054
-0.560649
-0.586189
0.625792
-1.08439
0.441717
1.27206
0.66683
-0.970257
-0.398211
-1.60132
1.89467
1.46781
1.14933
1.59668
-0.600054
-0.0146803
1.13777
-1.50275
1.552
1.48415
1.10176
0.226939
0.445859
1.09985
0.460728
0.263662
0.238959
0.0213828
-0.0220141
-0.346285
0.562544
-0.919216
-0.75402
0.233189
-0.354119
-0.557641
-1.00841
-1.98356
-0.410672
-1.42735
0.0909807
-1.14226
0.478641
-0.383305
0.528415
-0.81063
-0.907136
1.33387
-0.57152
1.08195
1.15083
0.725241
0.48348
0.561893
0.164371
0.108136
0.0640341
0.18593
-0.0932357
-0.585006
-0.772748
-0.812701
-1.38475
1.16831
-1.40762
-1.60927
0.0230523
0.590618
-0.813834
-0.70759
1.56246
-0.0451388
0.00615361
-0.768067
0.488775
0.680391
-0.0919304
1.31934
-0.131986
-1.15581
-0.829376
0.389486
0.461776
0.600911
0.266049
-0.13119
-0.266823
-0.553444
-0.0674646
-0.745024
-0.929837
-0.90087
-0.485046
0.695878
-0.0164034
-1.30577
-1.63349
1.15391
0.709319
1.31855
1.54282
-1.26746
1.06067
-0.0838091
1.12179
0.829295
-0.0822391
0.866899
0.803268
0.833775
0.875628
0.679483
0.839527
0.572438
-0.0154736
0.147486
-0.00582946
-0.206169
-0.864376
-0.591273
-0.869066
-0.870665
-0.18512
-1.59755
-1.34125
-0.204908
-1.00508
-0.703702
0.429948
-0.946362
-0.572011
-1.55095
-0.884869
1.55331
1.10483
-1.366
0.981059
0.856119
-0.31506
-0.521675
1.02477
0.934458
0.432074
0.516925
-0.333661
-0.194084
0.0116425
-0.46887
-0.677122
-0.726002
-1.37094
-0.454135
-0.507142
-1.29894
-1.33667
0.636249
-1.69613
0.277458
1.61708
0.031642
1.52797
-1.50785
0.799381
-1.71939
1.16518
1.40447
-0.742577
0.0575494
1.0639
0.67163
0.705911
0.640229
0.476608
0.319572
0.5483
-0.0637007
0.559858
-0.28483
0.380286
0.908121
-0.636719
0.99375
-1.0174
-1.2051
-0.255931
-1.48116
-0.932927
1.63071
0.095285
-1.92031
-0.669926
-1.51215
-1.4195
1.4518
1.43371
-1.39656
1.10793
0.944004
0.101032
1.18549
0.684618
0.78193
0.305893
0.198925
0.0789795
0.474017
0.244227
0.414888
-0.506653
-1.11479
0.410773
-0.595227
-1.11009
-1.46391
-1.13037
1.26966
-1.68902
-0.877031
0.561786
-1.59995
-0.277154
0.162569
-0.6185
0.929339
1.25049
1.54098
1.60384
0.932618
-0.180031
0.772914
1.17738
1.04467
-0.122592
0.554367
0.246854
0.272092
-0.24353
-0.385815
-0.220005
-0.763142
-0.813074
-1.03543
0.635675
-0.936683
-0.74048
0.694861
1.33963
-0.917772
-0.485716
-0.805302
1.54058
0.5186
0.516405
2.05716
-0.173925
1.33585
-1.02538
0.549703
-0.264497
1.57227
0.972371
0.831939
-0.439729
-0.256777
-0.310113
0.164091
-0.506895
-0.283213
-0.347345
-0.158018
-0.660893
-1.2954
-0.764507
-0.981009
1.28959
0.657466
-1.79314
-1.05535
-1.31362
-0.677547
-1.26466
1.56515
1.47527
-0.397433
-1.48215
-0.0452232
0.28155
0.701808
1.4681
-1.31172
-0.757964
-0.438743
1.02202
0.874335
0.460363
0.00645543
-0.0916101
0.0750754
0.129285
-0.508741
-0.118746
-0.754428
-0.845526
-1.05776
0.889291
-0.830723
-1.0785
-1.47616
-0.533781
-1.08474
1.58355
1.10828
1.145
1.4646
0.692819
-1.28925
-1.39961
1.37905
1.19427
0.942216
1.27912
1.5982
0.441303
0.990007
0.921336
0.485556
0.062762
-0.00650678
0.144887
0.605171
-0.334472
-0.499703
-1.02304
-0.00147942
-1.31125
-0.0953312
-1.23317
1.54987
1.25301
-1.03478
1.51551
1.73193
1.08205
0.911311
-1.82689
1.10015
-0.749721
-0.912215
1.7283
-0.669799
-0.0969517
1.31479
0.677842
1.25188
-0.764068
0.955744
0.244461
0.266869
0.149272
-0.300245
-0.434349
-0.49388
-0.296859
-1.03523
-0.0504905
-1.11994
-1.35753
-0.971205
-1.39291
-1.43809
-0.681745
1.18245
0.892048
-1.4834
1.16054
-0.0539631
-1.64293
0.0886125
1.23586
1.48338
1.36106
1.27957
-1.08504
0.692031
-0.731454
0.76813
0.738707
0.36671
0.260071
0.154318
-0.0374163
0.424888
-0.380831
-0.751969
-0.498855
0.882682
-0.950786
1.06265
-1.36291
0.621194
1.32294
-1.07191
-1.87749
1.55062
0.522023
-1.25455
0.290769
0.409747
-1.90419
0.371456
-0.351695
-0.477786
-0.0289751
-0.815074
0.486991
0.898571
0.891064
0.703655
0.704554
-0.576624
0.0856266
-0.041086
0.0729968
0.247166
-0.49852
-0.678043
-0.851208
-0.708556
1.10973
-1.37958
-1.20167
1.53963
-0.270794
-1.27829
-1.26045
-0.529801
-1.80711
0.752993
0.707424
0.0561594
1.15534
1.52194
-0.448767
1.29322
-0.459369
1.26708
-1.0695
1.04717
0.783083
0.498635
0.124618
0.0425387
-0.0802843
-0.219675
-0.224635
-0.22271
-0.660166
-0.774433
0.658968
-0.978097
-0.725855
1.36253
0.42707
-0.583955
-0.640374
1.9461
-1.26329
-0.0890956
-0.335464
1.00228
0.597614
1.93498
-0.959574
0.406632
1.24244
1.24845
0.707927
-0.913036
0.811746
1.07086
1.02973
0.835657
0.546987
0.402251
0.208363
0.0925577
-0.40066
-0.531811
-0.591225
0.156989
-1.13834
-0.597191
-1.04122
-1.30534
-1.4682
-0.575885
-1.60122
0.398423
-1.26215
-1.87915
-1.98288
-1.89554
-0.0542565
1.66974
-0.767152
-1.33159
0.38867
1.75003
1.0947
1.49011
1.23932
1.09307
0.967731
0.713586
0.425656
0.0328311
-0.288392
-0.101567
-0.193979
-0.0939954
-0.168271
-0.880585
1.273
0.113185
0.967796
-1.01476
-0.615306
-0.421567
1.3944
-1.61577
-1.92848
-1.85075
-1.73716
0.971563
1.6701
-2.12278
-1.11267
1.51876
0.455466
-0.451124
1.1067
0.582309
0.75512
1.16524
0.503541
0.588788
0.438729
0.663304
0.0943591
0.0862355
-0.22113
-0.374617
-0.369967
0.533185
0.587339
-0.675183
-1.39939
0.00397488
-1.39989
-0.873931
-1.33127
0.651855
-1.3496
0.350573
0.441249
-0.273737
-1.30757
-2.13096
-1.30984
1.58795
-0.386737
1.091
1.39448
-0.438401
-0.268763
0.380175
0.681099
0.795149
0.425333
0.603489
0.466026
-0.104092
-0.170962
-0.294486
-0.590484
-0.596752
-0.88251
-0.988688
-1.20004
0.433512
-1.54075
-1.56024
-0.803348
0.387545
-0.840727
0.132442
-0.698404
1.64773
1.41349
-1.5869
1.3021
-1.24262
1.68298
-0.438593
0.692992
0.461347
0.517502
0.969263
1.12009
0.980677
0.527737
0.632061
-0.60991
0.486981
0.149579
-0.178741
-0.576975
0.017013
-0.286383
-0.826978
-1.00864
-0.342057
-1.18926
-0.819937
-1.41887
1.4239
-0.669857
-0.956708
-0.422461
0.397001
-0.588559
-0.695893
1.56819
1.44708
-0.929944
-1.34984
-0.631911
-1.21072
-0.0474084
-1.20003
-0.774436
0.755198
0.756169
-0.246881
0.390139
0.167139
0.269281
-0.208961
-0.1234
-0.198185
-0.600413
-0.664747
-0.956918
0.746557
-0.888117
-0.51232
-1.0421
1.09147
-1.13761
-1.29586
-0.548362
-1.50879
1.37573
1.44663
1.50908
0.640766
1.70653
-1.69102
1.71322
1.55864
-1.16457
1.36244
1.45479
1.16269
-0.0233683
0.742
0.475377
0.67691
-0.378845
0.284767
-0.117846
-0.293617
-0.23512
-0.881464
0.443391
0.304265
-0.752279
-1.00694
-1.22539
-1.46756
1.2472
0.225411
-1.47259
0.15757
-0.608992
1.00367
-0.339803
0.891829
-0.373595
1.02405
0.329923
1.40066
0.330991
-0.74875
-0.456603
-0.905378
1.03897
0.735944
0.612816
0.677643
0.418295
0.302565
0.692593
0.262806
0.00589104
-0.117408
-0.441147
0.0942723
-0.513391
-0.98069
-1.03838
-0.757172
0.444338
-0.747001
1.46212
-0.953876
-1.43664
-1.66273
-0.949919
-1.00361
-1.6928
-1.72488
1.77207
-1.39689
1.47113
-0.351383
-0.61722
1.3782
1.3394
0.0783535
0.870711
1.15985
0.945933
0.117896
0.587203
0.0616242
0.180647
-0.0644801
-0.392235
-0.448138
0.464506
0.367253
-0.646678
-0.876824
-1.0637
0.8438
-0.843978
-1.19587
-1.48038
1.49475
1.37609
-1.50679
-1.35595
-0.978148
-1.23014
1.41761
-0.928525
1.66467
-1.74045
1.42768
1.45332
0.0760661
-1.09005
-0.878094
1.18175
0.869787
0.726358
0.787416
0.221193
0.108383
0.151535
-0.125681
0.073402
-0.346482
-0.542631
-0.338924
0.748274
-0.890646
1.19989
-1.27828
1.16641
-0.0143921
1.49454
-1.56941
-0.344233
-1.73367
-1.11747
-1.48307
1.69098
-0.0293317
1.3428
0.755604
0.887553
-1.14254
1.52726
-1.52828
1.40262
0.288296
0.208374
-0.863217
1.0136
0.639002
0.288897
0.296573
0.254918
0.00604913
-0.0878072
-0.594099
-0.265887
-0.535482
-0.744781
-0.685957
-0.89325
1.10614
-1.42531
-0.630052
-1.55397
-1.54153
1.29301
0.27365
-1.09284
-1.24048
0.489888
-0.400694
0.564696
-1.43447
1.57179
1.51522
-0.165401
0.984124
1.05108
0.0399321
1.0641
0.573602
1.19014
0.379114
0.612587
0.307858
0.342452
-0.198726
-0.178611
-0.304834
-0.49324
-0.654332
-0.695639
-0.552047
-1.04706
-0.922987
-1.08424
-0.907692
-1.39643
-1.44241
-1.33601
-0.690249
0.372414
-0.293191
-1.68657
-0.812223
1.19976
-0.353936
1.41249
-0.633019
1.18327
-0.16178
-0.260482
-1.16346
1.40573
-0.725519
0.864061
0.784774
-0.504755
0.690789
-0.449012
0.0766629
0.590198
-0.00759208
-0.612917
-0.394615
0.649221
-0.901421
0.170264
-0.923418
-1.06319
-1.39649
-0.130369
-1.33381
-1.15066
-0.182124
0.931162
-0.794059
1.52855
0.0783152
-1.24206
1.02445
1.63196
0.863352
-1.53185
-1.24912
1.35882
-1.07026
1.20262
0.680093
1.26031
0.471998
0.847755
-0.467238
0.762121
0.245717
-0.141943
-0.295719
-0.104827
-0.00552183
-0.697804
0.385125
-0.553368
-0.93437
-0.309335
-1.30364
-1.26547
1.04948
-0.774492
1.63444
-1.27318
-0.980775
1.25234
-1.09871
0.642052
-0.669853
1.46344
-1.38299
0.52492
0.888355
1.20177
1.35183
1.29667
1.28211
-1.10341
1.2156
1.10016
-0.756144
0.612642
0.588426
0.354371
0.161848
-0.126008
-0.0352293
0.521377
-0.508806
-0.258496
-0.525862
-0.690272
-0.890501
0.800177
-1.00245
-1.73763
-0.214264
0.0108327
-0.526787
-0.562258
-1.58939
0.0308117
1.2731
-1.56607
0.588549
-1.10196
1.78287
1.21791
-1.25784
-1.15878
-1.32361
0.965156
1.50948
0.855119
0.351709
0.56323
1.01538
0.937953
0.466065
0.250222
0.0454126
-0.127578
-0.222283
-0.591262
-0.0671786
-0.848169
-0.584306
0.231007
-0.922178
-0.559319
-0.399882
-1.08589
-1.43803
-1.31048
-0.172389
-1.62649
0.812658
-0.65582
-0.751258
1.29018
1.35583
-1.18966
1.57189
-1.10637
0.984836
1.26423
-1.16981
0.719496
1.45688
-0.386908
1.05727
-0.332798
0.997841
0.552116
0.536467
0.217069
0.142501
-0.332198
-0.129212
-0.0434725
-0.32272
-0.654019
-0.474919
-0.792761
-0.509387
-0.106309
-0.162641
-0.389559
-1.44901
-1.53379
1.21788
0.481392
1.36799
-1.47423
-1.70868
0.0412576
-0.884008
1.49802
-0.0509933
1.27386
1.3283
0.713781
1.5545
1.19871
-1.27619
1.09797
0.810504
-0.360226
0.848299
1.00456
0.356176
0.26521
0.0110528
-0.114013
-0.548226
-0.571374
-0.488844
-0.224518
-0.850821
-1.1608
-1.09864
-1.15414
-1.20547
-1.15132
0.145819
-1.36024
1.39374
-0.865134
-1.2444
0.426072
-1.75056
-0.0147877
-0.620006
1.59864
-0.792277
-0.660925
-0.732042
1.43518
1.43519
-0.909764
0.60539
1.32661
0.427675
0.596907
0.73026
-0.521635
0.47904
0.553386
0.21734
0.201438
0.215639
-0.434581
-0.468219
-0.0113431
0.474991
-0.803948
-1.39265
-1.0178
-0.0948888
-0.97729
-0.615201
-0.544158
1.07729
-0.70225
-0.375815
-1.16473
-0.941583
0.153868
-1.47844
1.55774
0.929245
1.44403
0.241696
0.961857
1.1799
1.27561
0.728651
0.93659
1.23575
1.00114
0.0956125
0.692575
0.278785
0.277289
0.154926
-0.135412
0.21441
-0.157685
-0.453527
0.410267
-0.413725
-0.677513
0.385505
-1.17116
0.912095
-0.50436
-1.34325
-1.09773
-0.830444
-1.14909
0.467285
-1.41023
0.186497
-1.81438
-1.43999
-1.52191
1.38757
-1.8544
0.825596
-1.57162
-0.797347
1.7544
0.24881
1.2015
0.239003
0.533167
0.48687
0.722163
0.487249
0.528889
0.500394
0.356985
0.459197
0.423365
-0.106777
-0.322651
-0.521081
0.71256
-0.468625
0.497
-0.910001
1.33051
-0.964621
-0.829338
-1.18133
-1.69247
1.39854
0.0907141
0.64911
-0.582861
1.16401
1.18373
-0.213947
-0.133141
-0.821864
1.35132
0.219956
-0.953534
1.33615
0.926092
-0.913892
0.2312
1.21954
0.874996
0.909517
-0.456369
0.751088
0.564104
0.5729
-0.0612253
-0.0252104
-0.161733
-0.0333459
-0.708975
0.683922
-0.387215
-0.791562
0.121556
-1.38412
-1.17839
-0.400546
-1.30932
-1.02044
-0.0402544
0.518031
-1.34298
0.816965
-1.1825
-0.925003
-1.27706
1.6897
0.0423376
-0.292696
0.98894
1.08147
0.919311
1.01832
1.32729
0.694526
-0.892502
0.98713
1.3805
-0.676199
-0.431492
0.875844
-0.0665046
-0.360295
0.0664341
-0.0187789
-0.245548
0.474262
-0.377938
-0.530469
-0.639838
-0.929759
-0.845975
-1.2148
-1.47794
-0.946443
-1.49669
-1.13411
-0.174897
-1.66475
-1.42256
-0.742617
1.73459
-1.12152
-1.02204
0.0731542
1.33686
1.15947
0.248917
1.06115
1.00455
1.31713
-0.852747
1.05639
1.30767
1.33805
-0.753552
0.838139
0.942634
0.650838
0.508592
-0.440188
0.155782
0.11404
-0.487158
0.41825
-0.321289
0.598556
-0.709276
-0.701235
-0.948565
-1.0311
-0.963578
-1.72084
-1.36404
-1.38335
1.19636
-0.234917
1.56736
-0.487479
1.73522
0.662622
0.544283
1.62945
1.78279
-1.30341
1.02246
0.308182
0.0569364
0.858954
-1.20669
0.655409
0.804961
1.05676
-0.383479
0.575726
-0.390904
-0.655731
0.543145
-0.298688
-0.0132707
0.10376
0.174886
-0.20031
0.359962
0.682966
-0.775459
-0.641601
-0.753973
-0.871911
-0.736702
-1.04022
-0.964723
-1.02854
1.54775
-1.60285
-1.32135
-0.171986
-0.0511283
1.07688
-1.50894
-0.378568
1.13372
1.89214
-1.74184
-0.00751485
1.33593
1.18969
1.67657
0.471664
-1.05516
1.42902
-1.04823
0.810854
-0.485218
-0.219444
0.900027
0.586073
0.293504
-0.0460092
0.142018
0.120489
-0.354663
-0.474424
-0.541871
0.471843
-0.0876337
0.961877
-0.915085
-0.782677
-0.333015
-1.46469
-0.992437
0.356399
1.4153
-0.0138361
-1.2159
0.0813884
-0.694075
-1.56934
1.39437
-1.68559
1.93943
1.18068
-0.457448
1.28175
1.76763
0.688712
1.31968
0.967587
-1.02148
0.600794
-0.749391
-0.970695
-0.722325
-0.783971
0.309663
0.225372
0.40485
-0.207129
-0.0884886
0.0891446
-0.253897
-0.207496
-0.519665
-0.652185
0.699861
-1.11518
-0.162288
-0.265678
-1.27361
-0.55707
-0.560456
-1.64544
-1.69265
1.45978
0.55909
-0.889098
1.42992
1.25494
1.36756
-0.620845
-1.64657
-0.770462
-0.857042
-0.695487
0.0646748
-0.385799
-1.22519
1.2525
0.593527
0.682246
0.858123
0.849265
0.656659
0.751111
0.419029
0.298048
-0.0712855
0.169416
-0.640796
0.456453
-0.435044
-0.642961
-0.565812
-0.632279
-0.736447
-0.635086
-1.48756
-1.06861
-1.50914
1.15591
-0.146154
-0.91496
0.279323
-0.830716
-1.56948
-1.09348
-1.05798
-1.64433
-1.62385
0.0631163
0.415995
0.509016
1.06501
-1.20611
0.111619
0.971781
0.349827
0.714303
-0.177269
0.992793
-0.485523
-0.679335
-0.337157
-0.0968934
0.860007
0.414049
0.0379144
-0.327853
0.0284293
0.0450256
-0.137988
-0.788141
-0.561304
-0.856368
-1.07079
-1.09927
-1.14297
-1.55661
-1.19703
-1.40294
1.17905
-0.320636
-1.54972
0.251642
0.0376376
0.0892264
-0.751035
1.14581
-0.0505172
1.52182
0.381492
1.25521
-1.24553
1.56032
-0.473862
1.06339
0.950982
-1.11097
1.33328
0.820511
0.628681
-0.634892
0.645333
-0.365109
0.621382
0.547466
-0.0156113
-0.330114
0.0470658
-0.474239
-0.410738
-0.405716
-0.496072
0.937022
-0.872747
-1.03298
0.566319
0.293943
-1.34473
-1.39188
0.392043
1.1494
-0.790259
-1.61584
1.37585
2.00036
-1.36499
-1.61771
0.831568
1.44106
-0.761068
-0.108151
0.0990088
0.392848
0.17839
1.68039
-0.906808
-0.107344
0.562091
0.845663
0.615744
1.27743
0.938971
0.621672
0.485278
0.38484
0.414014
0.0747255
0.362078
0.0872941
-0.0251541
0.393914
-0.568117
0.547042
-0.566787
-1.11227
0.466059
1.48706
-0.981256
-0.920483
-1.29003
0.976419
-0.565213
-0.870741
0.164827
-1.21208
-1.60737
-1.25491
-1.39186
-1.15565
-0.61764
-1.54344
1.84344
1.30312
0.97141
1.46477
1.01592
-0.789636
0.764689
1.45034
1.12919
0.811585
-0.460266
-0.938987
0.651483
0.71477
0.321302
0.115044
0.139584
-0.139781
-0.163914
-0.180081
-0.470615
0.648156
-0.200632
-0.781247
-0.780195
0.258565
-0.138761
0.102915
-1.30212
0.182971
1.17437
-1.13542
-0.321551
0.373174
-0.972184
-1.08319
0.32851
-1.05908
-1.80368
-1.75422
1.33274
1.00441
-1.53688
0.454082
1.22282
1.33772
-0.704487
1.46693
1.3278
1.03398
1.12326
-0.444136
0.74403
-0.700853
0.522537
0.522509
0.369033
-0.0429991
0.205725
-0.116603
0.160254
-0.649302
-0.458422
-0.760453
0.172277
0.534426
0.510212
-0.801055
-0.916629
-0.550934
0.253808
-1.11223
-1.33215
-1.62473
-0.915948
-0.534866
0.204665
-1.15049
-0.72179
0.130626
-0.257573
1.08231
0.614545
-1.35883
0.157422
0.578682
1.17761
-1.08095
1.54784
1.26242
0.502275
-1.2767
-0.45012
-0.272933
0.676774
0.412226
0.784896
0.572965
0.278039
0.277775
-0.0847236
0.0147754
-0.009425
0.225623
-0.591942
-0.711922
0.402278
-0.873356
-1.11188
0.89922
0.423
-1.04761
-1.25422
-1.27776
0.88042
-0.18196
-1.7325
-1.63684
1.48884
-1.0841
0.0715039
1.45937
1.57913
0.350868
1.79319
-1.30004
-1.00216
0.981857
-0.257054
0.843856
1.1946
0.300684
-0.675377
-1.14363
0.469174
1.17264
0.589354
-1.05463
0.573478
0.37943
0.524533
0.318507
-0.236426
0.346768
-0.198653
0.215977
-0.267865
-0.628283
-0.613627
-0.947213
0.113534
-1.24766
-0.831976
0.959824
-1.28043
-1.17166
-1.58463
0.642837
-1.10432
0.876856
-1.08855
-0.013146
1.53942
-1.48149
0.733503
1.65038
1.26323
-1.30969
0.370154
1.25747
0.764492
0.972466
0.837647
1.51463
1.443
0.671211
1.10002
0.766481
0.552512
1.23052
0.640943
0.781346
0.91264
0.7028
0.27163
-0.0131798
0.275401
0.0949289
-0.237318
-0.347147
-0.123305
-0.865832
-0.336118
-0.653386
0.260028
-0.303606
-0.957605
-1.31828
-1.44042
-0.230091
-0.952783
1.64888
-1.39583
-0.444671
-1.16259
-1.66138
-1.29648
2.01631
1.87924
0.327794
1.70669
-0.358746
1.14808
-1.15778
-1.61451
-1.11225
1.45713
0.341126
1.21729
-0.98592
1.07623
1.4594
0.718192
0.805717
0.867629
-0.277526
0.649344
0.715691
0.309787
0.163697
0.275377
0.214725
-0.117213
-0.313211
-0.687779
-0.318288
-0.565309
-0.808864
-0.791925
0.681035
-1.11793
-0.68184
-0.917559
-0.5725
-0.732
1.3369
-0.643016
-0.104138
-0.719777
1.30255
-1.88207
-1.07915
0.554409
1.60616
-1.26424
1.36087
1.59793
-1.70203
1.52777
-1.22291
1.44402
-0.757453
-0.862634
-1.26659
1.02782
0.827684
0.987274
0.969615
0.787875
0.753145
0.306379
0.19112
0.432537
0.524375
-0.259664
-0.10875
0.0413618
-0.331985
-0.580719
-0.874623
-0.709087
0.396549
-0.956875
-1.02012
1.06723
-1.1688
0.951882
-1.3528
-1.70037
1.29199
-1.49412
-1.84082
1.51146
-0.937964
1.16683
-0.506659
-0.922756
-0.105504
1.80442
0.718505
-0.43759
-1.50571
1.5633
1.30594
1.22005
-0.576347
-0.482419
1.4887
0.883743
0.970932
0.448956
0.454936
0.565139
0.574158
0.534615
0.747137
0.758307
0.343953
0.316941
0.0468158
-0.0223395
0.317166
0.299222
-0.0629093
0.330555
0.432453
-1.12127
-0.742575
-0.867095
-1.05966
-1.24443
-1.02991
-1.61287
-0.79614
-1.00275
-0.663903
0.0920439
0.378015
1.33706
0.119232
1.32453
1.57622
-0.0623864
-0.110465
1.23382
1.42355
1.61874
0.666898
-0.72044
1.13986
-0.834653
-0.531663
1.40482
-0.929392
1.26203
-0.909349
0.496464
0.949946
0.808965
0.243452
0.821682
0.123941
0.356581
-0.0403288
-0.123454
0.149255
0.05799
-0.132325
-0.744071
-0.849063
-0.662822
-0.996364
-0.586005
-0.126712
0.605653
-1.05079
-0.89269
-1.43395
-1.30594
-0.948951
-1.71837
-0.932067
1.06656
-1.23797
0.100438
-0.394517
-1.33926
-1.05357
-1.77739
-1.37595
1.25676
-1.42092
0.812791
-1.67851
-0.374337
0.559585
1.6813
1.34139
1.1506
1.23496
0.687909
-0.712854
0.272862
0.726677
0.704847
0.59412
0.645641
0.376209
-0.212633
0.114141
0.207436
-0.277835
0.12788
0.232804
0.184409
0.312833
-0.462536
-0.884354
-1.07178
-0.76416
0.744098
-0.735069
-0.0434598
0.668447
0.329422
-1.61987
0.335758
1.24747
-1.59894
-0.966795
-0.964663
-1.13265
-1.75423
1.20196
-1.51722
-1.78247
1.5293
1.63298
0.649616
1.1706
1.01106
1.66705
-0.746724
-0.613689
1.32266
1.23534
1.07829
-0.912602
1.0421
0.968068
1.02379
0.946064
0.900241
0.608652
0.675584
0.790713
0.553142
0.389168
-0.0448776
-0.098816
0.10498
-0.0836086
-0.547051
-0.632554
0.500878
0.881165
0.879058
-0.928801
-1.03412
-1.09405
-1.75016
-0.981035
-0.328371
1.4293
0.45874
-1.33498
-1.22772
0.809968
-0.620973
-1.48056
-0.0730787
0.401924
1.80927
1.13646
0.907202
-1.51987
-1.11513
1.54303
0.605743
0.479007
-1.2312
0.206347
-1.33822
0.897865
0.379539
1.0236
0.653018
0.901473
0.760696
0.605476
0.503008
0.385406
0.334965
0.270303
0.00205349
-0.252547
-0.45489
-0.338099
0.353415
-0.0551601
-0.600808
-0.970796
-0.862456
-0.783553
-0.83839
-1.21004
-1.29197
-1.37612
-1.23568
0.43315
-1.15648
-1.4169
1.1852
-1.37307
-1.46847
1.14398
-1.6022
0.746377
1.28962
-1.08552
0.130214
-1.56576
0.831539
1.23466
-1.03723
1.83964
1.55281
-0.205267
0.962234
1.25177
0.603117
1.13203
0.612823
-0.520527
0.707947
0.885547
0.648527
0.720809
0.476874
0.133488
0.703907
-0.522671
0.234141
-0.210578
-0.267461
-0.49942
-0.192794
0.594665
-0.377071
-0.592968
0.205837
-0.872714
-1.01641
-1.07222
-0.895454
-0.499181
-0.936368
-1.20434
0.586052
-1.21357
-0.999451
0.959186
-1.51829
1.47165
1.44898
-0.497099
-0.976229
1.01729
-1.43167
-0.242633
-1.39509
1.48258
1.21137
1.50883
1.32943
1.58844
0.0841875
0.18525
1.35636
1.14269
0.510955
-0.762682
1.21207
0.886884
-0.740699
1.03245
-0.128298
0.520768
-0.597955
0.635409
0.174203
-0.15829
-0.166062
0.0652238
-0.514556
-0.557079
-0.602171
0.557712
-0.19452
0.171178
0.0484491
-1.16116
-0.995587
-0.750417
0.277616
1.3563
-1.07464
-0.981862
1.32123
1.18236
-1.67985
0.359425
0.210769
1.21168
-0.770525
0.474595
-1.88454
1.07759
1.16165
-0.334336
1.62995
0.912199
1.42036
0.895545
1.41694
1.00493
0.120364
1.43828
1.31182
-0.562705
1.20569
-0.807878
1.01919
1.09158
0.825212
0.632774
0.707955
0.565738
0.434291
0.340465
-0.015541
0.060228
-0.187901
-0.103088
-0.371318
-0.475098
-0.782068
0.790459
1.07992
-0.865851
-0.426051
-1.25885
-0.939659
-0.587287
-1.55019
-1.38172
-1.20107
0.528301
-1.61985
-1.22969
-0.880612
-0.666926
0.926488
-1.39271
0.916962
-1.36375
-1.40841
-1.04422
-1.26181
1.67065
1.17537
0.393617
-1.57719
1.60955
1.13287
1.24752
0.135557
0.103775
0.35004
-0.596562
0.932445
0.762875
0.830863
0.442723
0.685061
0.821032
0.271472
-0.0577515
0.585206
0.451553
0.0890831
-0.0101443
-0.0222275
-0.104134
0.0243805
-0.231982
-0.530365
-0.615326
0.0761294
-1.10905
-1.10704
-0.77394
-1.24758
-1.122
-1.336
-0.418069
-1.53464
-1.2316
1.02306
0.441059
-0.752087
-1.92342
-0.83848
-1.08614
-0.749417
-1.20872
-1.28379
-1.23982
1.35636
1.47225
1.43978
-1.79831
0.434176
0.823245
1.14164
0.399644
1.2557
0.214275
-1.33395
1.39184
1.63526
0.942575
0.791078
1.0269
0.945312
0.801012
0.53054
0.664636
0.372054
0.207222
0.224752
0.174298
0.12275
-0.168714
-0.200076
-0.303188
-0.3138
-0.940293
-0.412109
1.04122
-0.884543
0.873739
-1.39875
-1.05434
0.310065
-0.0427454
-1.6423
-0.731956
-1.59908
-0.540566
-1.05133
-0.66135
0.643765
0.72012
-0.356647
-0.554412
-1.21914
-0.27395
-1.68104
0.924655
1.59636
1.1606
1.49382
-0.0950047
-1.04081
-0.701047
0.179006
1.12706
1.22304
1.32224
0.839143
-0.778949
-0.890572
1.39125
0.897965
0.197985
-0.522073
0.944098
0.531758
0.557592
0.717814
-0.357084
-0.0641954
-0.0194028
-0.108312
0.101331
-0.198832
-0.231187
-0.378846
-0.632019
-0.616171
-0.0719922
-0.654622
0.130378
-0.881947
-1.2174
-1.43283
-1.19398
-1.39818
0.577867
-0.491424
0.901981
-0.869479
-1.4685
-1.30199
0.753253
-1.79568
1.1206
-1.46305
1.30652
-0.231172
-0.931015
-0.288453
1.15138
1.18735
-1.39144
-1.36799
-0.812293
-1.29449
-0.313312
1.2535
1.52595
0.956308
0.645693
-0.687236
1.10465
1.14083
0.963991
1.04363
-0.443848
0.756253
0.448624
0.379262
0.0787958
0.354405
0.0213599
0.120898
-0.206099
-0.000120522
-0.232433
0.125316
-0.443362
-0.873709
-0.803672
-0.896196
-1.00449
0.0150446
-0.545433
-1.23655
1.11183
1.19107
-1.05958
0.770718
1.1396
1.12907
0.738494
-0.671485
-0.553602
-1.00043
-1.68218
1.22105
-0.162226
-1.43133
1.69733
-1.57686
0.885982
-0.182854
1.60446
-1.6492
0.62433
-1.35741
-1.20929
-0.689292
0.466406
1.20548
0.438672
-0.678058
1.07607
0.988199
0.985512
-0.316519
0.564435
0.83254
0.93848
0.553705
0.401145
-0.173542
0.354811
0.167701
0.205086
-0.0910029
0.286322
-0.102927
-0.316001
-0.575403
-0.97745
-0.671729
-1.05429
-0.546068
-1.18739
-0.0547081
-1.0749
-0.81388
-0.346414
1.16038
-0.452805
-0.0863534
-1.72451
0.461912
-1.61614
-0.707878
-2.0226
-1.13455
-1.1281
1.53522
-0.475253
0.272412
1.87371
-0.709722
0.154323
1.2021
1.07342
1.92893
-1.34313
1.36505
1.29973
-0.154816
0.957244
-1.29957
1.11492
1.27838
0.814482
0.974113
0.843951
0.883488
1.03988
0.658717
0.0542231
0.868476
0.00568804
0.267252
0.231905
0.205458
-0.00505315
0.0239603
-0.478499
0.0762946
-0.286612
-0.14333
-0.285637
-0.76498
-0.610761
-0.497685
-0.667338
0.406059
0.289326
-1.04433
0.223169
0.637091
-1.25839
-1.3617
0.95358
-1.5316
0.864565
0.251104
1.35213
-1.89299
0.514227
-1.84123
-1.35424
-1.4726
1.09196
0.286416
0.671307
-1.37857
-1.41121
0.975756
0.413723
0.918479
1.16246
1.56706
0.748382
0.980609
0.194109
-1.27481
0.0210713
-0.634718
1.2608
-0.655897
1.03482
0.960418
0.115269
1.04363
0.714637
0.665812
0.802266
0.442115
0.108609
-0.0855532
0.403136
0.220096
-0.0626394
-0.206651
0.0415923
-0.543152
0.447871
-0.356501
-0.570441
-0.808574
-0.442418
-0.820398
-0.723969
-1.08888
-0.120704
-1.09957
-0.496709
-1.15609
-0.0209356
0.386219
-0.414766
0.00752643
0.487597
-0.993612
-1.3166
0.954982
-0.0343776
-1.27374
0.274933
1.40451
0.711408
-0.384611
-1.6464
-1.42275
-1.52124
1.48079
1.33933
1.59856
-0.86414
1.55837
1.73317
0.863263
1.0545
1.2537
1.18732
1.36891
1.22513
0.824682
1.19062
0.928435
0.802628
0.681765
0.587586
-0.715967
0.706294
0.349186
0.567452
0.0988086
-0.190932
-0.0330515
-0.12363
-0.309761
-0.205872
-0.048937
-0.376527
-0.10081
-0.786462
-0.69155
-0.932377
-1.03229
-1.01827
-0.597166
0.253859
-0.875923
1.20436
0.151626
-1.12322
-0.200604
-1.67256
-0.555966
-0.396439
1.15202
0.355945
-0.878562
-1.24833
-1.48555
1.77005
-0.0375849
-0.905388
-1.27141
-0.29266
-1.39443
-0.372263
-0.693675
1.07536
-0.68361
1.2009
0.413418
-0.451152
1.00881
1.52873
1.14073
1.29673
1.15784
1.11027
-0.0315639
0.762324
-0.365915
0.659872
-0.651189
-0.560075
-0.676802
-0.596403
0.370089
0.305489
0.46567
-0.0478762
0.235946
0.192293
-0.24804
-0.196269
-0.616027
-0.362901
0.468765
-0.836984
-0.441027
0.861534
-0.623688
-1.03248
-0.274176
-0.520741
0.0337613
1.11377
-1.04381
-1.4728
-1.15207
-0.130173
1.2778
-0.985493
-1.39182
0.578813
-0.120394
1.15538
1.34254
0.883575
-0.439845
-0.975611
-0.852599
1.75162
-0.215831
1.32826
1.19198
1.6375
0.966457
0.622201
0.878259
-1.19316
-1.57415
1.32645
-1.20299
1.29649
-0.457687
0.989059
1.0824
1.20559
0.972602
1.158
1.12395
-0.810851
0.110385
0.626662
0.389008
0.215584
0.484973
0.276817
0.423196
-0.00019461
0.130353
-0.0827838
-0.0216007
0.100009
-0.625414
0.41157
-0.588364
-0.995205
-0.467236
-0.837128
0.495305
-0.734665
-0.696723
-0.524302
-1.02641
1.15683
0.209494
-0.841512
-0.499713
-1.5928
-1.33452
0.862068
-1.45308
1.5276
-1.80982
-1.25618
1.66107
0.0475131
-1.02106
1.44426
-1.59226
1.71903
1.1156
1.07407
0.267961
-0.750678
-1.44684
0.90603
1.0259
-0.229868
1.46431
0.313981
1.27409
1.24956
-0.713236
1.08611
0.0543288
1.0764
1.20808
0.478495
0.839749
-0.168095
0.4626
0.723374
0.608625
0.525711
0.488501
0.700155
0.438112
0.297384
0.423876
0.160076
-0.321576
-0.167747
-0.46732
-0.0857239
-0.641482
-0.635083
-0.941964
-0.786754
-0.30922
-1.04145
-0.379291
0.196887
0.625278
-0.884253
-1.25478
-0.655078
1.37002
-1.35874
-1.37097
-1.66966
-0.838435
1.59525
-1.17584
0.823346
-1.66722
1.00556
0.764984
0.801088
0.415145
-0.620769
0.322947
0.882465
1.32898
1.97953
-1.64728
0.262079
0.17942
1.20499
1.5483
-1.2752
0.46638
1.05352
1.5681
1.16774
1.03585
0.682123
1.01909
0.695022
1.06186
0.523301
1.06315
1.05271
0.782501
0.954299
0.578555
0.453676
0.804318
0.217328
0.396868
0.131537
0.316141
0.126018
0.0318383
0.0330144
-0.21191
-0.255681
-0.572636
-0.569604
-0.671275
-0.463045
-0.823792
-0.137958
0.919489
-0.733402
-0.757373
-0.0342717
0.44928
-1.49054
-1.39313
-0.853782
-1.05355
-1.3687
-0.57035
-1.36405
-1.36302
1.2612
-1.72239
-1.04994
1.23879
-0.132637
1.06764
-1.45416
-1.43732
-0.470387
1.37887
-1.47697
-0.987638
1.71675
-1.5606
1.79359
1.196
-1.43135
1.38408
0.0243072
-1.37415
0.37675
1.60301
1.00622
1.03418
1.5549
1.14414
0.825895
1.21475
1.27371
1.13054
0.930176
1.02915
0.838437
-0.319311
0.349998
-0.390466
0.189317
0.408183
-0.0486701
-0.129381
0.357657
0.138026
-0.415774
-0.0801608
-0.57053
-0.402498
-0.787789
-0.393191
-0.783106
-0.244015
-1.12346
-0.77318
-1.08739
0.814236
-0.905829
1.08756
-1.10365
-1.59613
0.673553
1.40723
-1.3048
1.0442
-0.401541
-1.78859
1.00489
-1.51305
-1.6594
1.56648
0.995888
0.884121
1.45741
-1.33892
1.20292
-0.940372
1.1119
-0.555696
1.4307
1.86883
0.883298
0.929348
-0.850762
-0.540135
-0.130322
0.848806
1.29772
1.16456
-1.13957
0.342693
0.513745
1.30653
1.19919
0.82588
1.06889
1.23788
0.7773
1.03409
1.2345
1.07878
0.602125
0.0248698
0.583014
0.294828
0.109198
0.301984
0.248557
-0.0125561
0.090852
0.0519577
-0.0585829
-0.307532
-0.379714
-0.107604
-0.53028
-0.425439
0.396797
-0.731691
0.811711
0.71399
-0.93276
0.0498386
0.254196
-0.709566
-1.19809
-0.120741
-1.16765
-1.30818
1.55522
0.447875
-1.52229
-0.530242
-0.893934
-1.66531
-1.20435
-0.0106879
-1.30239
0.590461
-0.552334
-1.85362
0.756442
-1.69558
-1.62503
-0.607702
-2.05139
1.03501
-1.42827
1.0992
1.66966
0.36776
-0.0627984
0.447921
-0.701036
-1.20689
-0.645247
-1.83297
0.734251
1.25679
1.13682
0.0834582
-1.4798
1.23919
0.914179
0.994599
1.1283
0.887261
0.492676
0.877177
0.0685757
0.89258
-0.60742
0.563785
-0.0737702
0.591485
-0.244838
-0.144138
-0.110618
-0.00929591
-0.169133
0.425412
-0.28794
-0.219918
-0.500833
-0.49435
-0.715172
-0.0454654
-0.873583
-0.894825
-0.737156
0.324169
-1.08842
1.38871
-0.717026
-0.793025
-0.58292
-1.89145
-1.00083
-1.28678
-1.28329
-0.534965
-0.947643
-0.960741
-0.199146
1.56065
-1.82256
-1.9629
-1.55288
1.5052
-1.05257
1.44686
-1.16441
0.225634
1.83658
-1.41505
-0.434658
0.551821
-0.0714696
1.22705
-0.721593
0.739795
1.27493
-1.04558
1.30045
0.940584
0.190933
0.712193
1.48695
-0.473636
-1.3586
-0.177954
1.16295
0.0360269
1.20222
0.409303
0.762663
0.717021
0.916055
-0.33215
0.651657
0.770101
0.103535
0.363972
0.406457
0.277195
0.154813
0.116701
-0.187264
0.0766516
-0.132192
-0.203521
-0.201555
-0.684168
-0.183493
-0.583969
0.820673
-0.875044
0.491136
-0.622628
-0.944882
-0.764272
-0.765683
-0.77502
-1.46121
-0.884353
-1.35045
-0.589792
-0.966333
-1.34615
-1.69994
-1.16627
-0.573151
-1.44545
-1.14132
-0.699297
-0.77907
1.07519
-1.55055
-0.742519
-0.173186
-1.57649
-0.910182
-0.906706
-1.81055
1.19185
-1.4411
-0.892612
-0.850663
-1.29683
1.68359
1.0774
-0.904397
1.55259
-1.13665
-1.16097
1.49803
0.556105
-0.29881
0.753638
1.58071
-0.173138
1.1713
1.11486
1.37661
1.14702
-0.595757
0.988528
0.713896
-0.289721
0.934926
-0.116532
0.774069
0.66196
0.877495
0.263836
0.299797
0.105451
-0.0300824
0.115876
0.061856
0.0336071
-0.184129
-0.058967
-0.386436
-0.507819
-0.139703
-0.672592
0.233363
-0.769911
-0.616107
-0.558524
-0.868403
-0.931024
-0.735897
-0.923511
-0.87076
-0.985272
-1.14567
-1.22783
-1.05323
0.436888
0.825796
-1.35766
-1.1739
1.25203
-1.47238
-1.60309
-1.11218
-0.654604
0.577311
0.408092
1.67225
-0.301814
-1.05677
1.6897
-0.704933
-0.607975
0.632733
1.33477
-1.51099
0.993843
0.726975
0.939211
1.42516
1.29021
0.284607
0.939063
1.42586
-0.902045
1.3877
1.34138
0.441085
0.958033
1.21364
1.33813
-0.649823
0.559988
1.30297
0.960021
1.30734
0.770445
-0.782395
0.800776
0.159821
0.585142
0.768919
0.675612
0.907412
-0.548817
-0.339273
0.404606
0.141145
0.293825
0.118885
-0.00594866
0.18103
0.127175
0.361867
-0.268594
-0.0975966
-0.462376
-0.467843
0.529294
-0.809623
-0.742278
-0.960676
-0.753469
0.627723
-0.986082
-1.06192
0.237181
-0.916088
-1.29857
-1.47417
0.480687
-1.34316
-1.04341
1.53153
-1.8213
-1.16825
0.653584
-0.462418
-1.68169
-1.65587
0.231446
-1.59009
-1.34466
-1.41559
-0.446813
1.43156
1.75405
1.2623
0.210661
0.743365
0.487514
-0.714128
1.22254
1.34109
-1.78553
-1.35117
-0.535773
0.92812
1.0112
1.39804
0.558578
-1.43828
1.61914
-1.32796
1.24848
0.993916
-0.556223
-1.08622
1.01285
-0.692581
1.54606
1.17394
1.20474
0.662895
1.07405
0.924736
0.841972
0.811985
0.778391
0.605665
0.529816
0.252189
0.565136
0.236361
-0.261538
0.38582
-0.0154084
0.111516
-0.435541
-0.258388
0.239237
-0.240838
-0.16435
0.216662
-0.762989
-0.525557
-0.617566
0.522535
-1.17224
-0.572258
-1.42666
0.970098
-1.22463
0.658534
-0.929145
-1.3358
-0.933322
0.366639
-0.813836
-1.46337
-0.117783
1.13399
-1.24759
-0.646364
-0.11654
0.198158
1.25038
-1.05053
1.3223
-0.705561
-0.0589676
-0.928363
-1.19988
-0.839842
1.48336
-1.56
-1.04157
-1.06905
-1.21365
1.28291
-0.65328
1.41248
0.856451
-1.88134
1.11365
-1.5099
-1.15948
-1.19391
-1.01669
-0.495671
0.917397
-0.0247775
1.46522
1.02771
-1.3586
1.43037
1.18582
-0.3431
0.432243
1.27588
1.27019
-0.948497
1.18331
-0.547887
0.680352
0.859578
0.593463
0.784042
0.707137
0.282095
0.647202
0.462815
0.743435
0.12135
0.680991
0.48447
0.234797
0.139634
-0.23985
0.361559
0.0355332
-0.283284
-0.273898
-0.251879
-0.718484
-0.279762
-0.262843
-0.50139
-0.707849
-0.625192
-0.393697
-1.01485
0.339819
-0.937216
-0.970777
-0.447073
-1.18338
0.475828
-0.786774
-1.45453
-1.33516
-1.49881
-1.21183
-0.320126
0.291627
-1.21285
-0.170192
-1.11553
-0.554983
-1.00676
-1.60272
-1.35595
-1.78522
-0.536166
-1.03711
-1.4514
0.246216
-1.49207
-0.895955
-0.684576
-0.197523
-1.18847
0.0432237
1.76308
0.779026
2.128
0.930749
1.68801
-0.682863
1.47692
-0.190764
0.21852
-0.752615
-1.08372
-1.12006
1.4189
1.59339
1.19782
1.12604
-0.0755364
1.1509
1.12894
1.12859
-0.599813
1.16151
1.05556
0.881951
0.996144
0.964907
0.862426
0.957148
0.502021
0.567036
0.637544
0.68653
0.691149
0.180409
0.611015
0.45275
-0.176674
0.242019
0.236698
0.0581261
-0.0203357
0.0202001
0.0303119
-0.401148
-0.00384902
-0.538232
-0.556781
-0.43791
-0.800692
-0.502864
-0.593201
-0.595158
-0.429496
-0.717383
-0.800653
-0.068027
-1.39028
-0.832453
-1.0897
-1.14592
-0.957649
-1.07314
-1.1109
-1.52801
-1.44073
-1.00152
-1.24639
1.00101
-1.60572
-0.544002
-0.40571
0.771233
1.8179
0.465312
0.841247
-0.62837
0.877545
-1.58084
-1.67761
-1.07851
-1.19379
-1.28701
-1.22079
-0.582909
-1.42923
-0.445315
1.11686
-0.454348
-0.28187
1.73868
0.291784
1.59056
-1.36362
0.447326
1.84755
-0.261718
-0.227929
-0.406746
0.996184
1.29684
1.33388
0.703355
-0.417989
1.57972
1.30078
0.871656
1.3035
1.13473
0.842582
1.26761
1.03467
0.626025
-0.949678
-0.456722
0.542254
0.88229
0.875146
0.920167
-0.458055
0.450396
0.627698
-0.291769
0.354515
0.526559
0.0611316
-0.211418
0.509531
-0.00398334
0.0399016
-0.0295266
0.163704
-0.503984
-0.265909
-0.02152
0.190856
-0.210199
0.624693
-0.451903
-0.73717
-0.036741
0.135532
-1.152
-0.795928
-1.2745
-1.0577
0.289689
0.472964
-1.06864
-0.875601
-0.0129786
-0.537934
-0.948269
-0.676633
-1.50482
-1.18433
-1.00712
0.763524
-0.68657
-0.419995
0.931582
-1.26535
1.43342
1.20112
-0.835064
-0.463614
0.617603
-1.71757
0.546723
1.19891
-1.33764
0.0772088
0.442583
1.57649
0.441521
1.7006
0.946142
1.63834
1.12581
0.147696
-0.644908
-0.998079
-0.0203625
1.17294
1.719
-0.499493
1.01071
1.15961
-0.942045
0.168393
-1.21267
0.670578
0.110788
1.48682
0.940763
0.51483
1.62354
1.41982
1.02057
-0.979199
0.74716
0.0258751
0.950345
0.819189
-0.492915
0.873301
0.940053
0.860684
0.868846
-0.871772
-0.27664
0.619493
0.818013
0.804465
0.382895
0.706727
-0.327785
-0.0352274
-0.260345
0.0288901
0.0771343
0.297741
0.0843898
0.0776174
-0.104893
0.0670174
-0.443366
-0.415804
0.198136
-0.518828
-0.536908
0.778323
-1.04417
-0.819085
-0.755353
-0.948854
-1.10191
-0.658254
-0.923846
-0.681761
0.733819
-0.0821035
0.723246
-0.923931
0.545029
-1.43969
1.17503
-1.36434
-1.43092
-0.785534
0.239917
0.519938
1.00056
1.47185
-1.1198
0.687069
-1.66914
0.133888
-1.78622
-0.611711
-1.56677
-1.36051
-1.49119
1.5588
1.39328
-0.810738
1.35523
0.541167
-1.24958
0.115091
-0.871591
1.53625
-1.97053
-0.115236
-0.220691
-1.04459
2.12924
1.3851
-1.34279
-1.36089
-1.7616
1.81872
1.39737
1.1739
1.36125
-0.118288
-0.95607
1.70676
1.39205
-0.656648
-0.568243
0.990418
1.57175
-0.135066
1.17831
1.19653
0.189124
-0.343524
1.20614
0.943757
1.17495
0.724402
0.824515
0.715303
0.846421
1.05664
0.666151
1.21226
0.64785
0.834224
0.690085
0.517544
0.447681
-0.404234
0.102753
0.45307
0.36721
0.31869
0.0401299
0.32366
-0.0422414
-0.0664515
0.0934052
0.137503
-0.469396
0.330968
-0.466988
0.196539
0.368759
0.312143
-0.254906
-0.800098
-0.584337
-0.564466
-0.742528
-0.645167
-0.785861
-0.573994
-0.847268
-0.673666
-0.624668
0.672924
-0.227543
-1.15885
-0.851369
-1.02235
-1.0123
-0.913373
-0.873667
-0.0966617
1.03004
1.52551
-1.28317
-1.43
0.938137
0.72711
-1.205
-0.995642
0.565629
-1.51607
1.03137
0.873173
-1.45603
0.687741
-0.610209
0.765024
1.4332
-1.84903
-0.125961
-1.4548
1.51079
-1.65668
-1.66795
-1.3748
-1.27134
-0.331193
-1.19953
-1.6678
-1.26875
-0.147571
-0.904511
0.691501
-1.18141
-1.16981
1.61275
-0.867366
-1.38801
1.02213
1.42661
1.51218
-1.32271
-1.18728
1.10379
1.19014
0.695154
1.54926
-0.19749
0.166314
1.26757
1.31068
0.105754
1.35673
-1.01947
0.963652
0.332069
0.876923
0.569002
0.768834
0.0312781
0.924924
0.688235
0.868303
0.918279
0.564916
-0.752129
0.719687
0.226023
0.704259
0.406877
0.430656
0.388934
0.0441006
0.724822
-0.337015
0.0452953
-0.106745
-0.0172429
0.276115
0.279131
0.0335846
-0.301918
-0.156449
-0.182877
0.366231
-0.698733
-0.199975
-0.396657
-0.908004
-0.411987
-0.677976
-0.807506
-0.868149
-0.752097
-0.915475
-0.0679409
-0.646291
0.156444
-0.929573
-0.234017
-1.04493
-1.02661
0.787541
-1.34898
-0.129536
0.229266
-0.58456
-0.480425
0.753055
-0.912473
-1.32166
-0.00507679
-0.869606
-0.291917
0.332172
1.19585
-1.09071
-1.40976
-0.0424292
0.619786
-1.47429
1.00549
0.969532
-1.34768
0.335553
0.808621
-0.488293
0.363989
-0.795872
-0.771634
0.153797
1.65759
-0.3955
0.400281
-0.584236
1.10292
1.50344
1.76581
1.723
0.974506
-0.103643
-0.231096
1.46931
1.90602
1.21962
-1.55902
-1.51668
1.05733
0.0774043
1.12748
1.43041
0.61515
0.910902
1.01578
1.3956
1.41058
-0.82332
-1.33491
-0.151632
0.943254
0.732413
1.04808
-0.560313
1.15759
-0.949708
-1.39884
-0.226252
-1.17911
1.21974
-0.140322
-0.825336
1.02632
0.597628
-0.649826
0.634269
0.00606291
-0.615498
0.710349
0.689065
-0.451776
0.748902
0.0274377
0.724344
0.737737
0.600803
0.569204
-0.0723064
0.28839
0.294766
0.105786
0.311342
0.345453
0.0511627
0.0680812
0.11729
-0.15797
-0.563515
-0.353524
-0.344408
-0.335334
-0.371582
-0.342943
0.372762
-0.319278
-0.584923
-0.765507
-0.365749
-0.629623
-0.669193
-0.539322
-0.740767
-0.77637
-0.382533
-0.957972
1.12911
0.313135
-0.657786
0.335857
-1.20915
-0.808655
-0.951783
-0.929714
-0.992642
0.610348
-1.13957
-0.188118
-1.23462
-1.1504
-1.40419
0.207466
1.18664
-0.331139
1.30965
-1.40153
1.31625
-1.21738
-1.2772
0.149714
-1.73419
1.06729
-0.364496
-1.53883
-1.35771
-0.966873
-0.827696
-0.417719
1.15847
-0.384174
-0.00635451
-1.11747
1.48525
-1.81254
-1.87127
1.09675
1.51339
1.18663
-1.85473
0.334169
-1.40311
1.17472
-0.345073
-0.567733
0.423274
0.513972
1.40049
-0.383925
-0.689262
0.00429472
0.747933
-0.540959
0.327117
0.754641
0.577278
1.02341
1.29742
-1.332
0.625024
1.09428
1.05302
1.58388
-0.250497
0.324268
0.621383
-0.44499
1.47878
-0.771494
0.964751
-0.326785
-1.11114
1.35848
0.881888
1.11934
1.1498
0.614368
0.923044
0.748226
0.81256
1.05312
0.560308
-0.810041
-0.544091
0.740752
0.423628
0.982817
0.250996
0.284581
-0.0333881
0.547178
0.396775
0.288638
0.0425824
0.0406174
0.0224076
-0.0326743
0.202702
-0.220138
0.205527
-0.1628
-0.0138759
0.00685534
-0.459549
-0.666364
-0.711033
-0.213588
0.747717
-0.299055
-0.813764
-0.62101
0.671025
-0.503925
-0.391534
-0.407274
0.865202
-0.668718
-0.850692
0.167888
1.21619
-0.956712
-1.00552
-1.15768
-0.884267
0.606723
-1.39899
-1.04086
-1.04395
0.283073
-1.00568
-1.31705
-0.730712
-1.52825
1.04552
0.944535
-0.471539
0.160614
-1.4678
0.317579
-1.28248
-1.64548
-1.18739
-1.00167
-0.0542723
-1.36765
1.49107
0.827483
-1.58301
-1.18304
1.46861
-0.162575
-0.830315
0.240595
-1.39539
0.374319
0.662115
1.00963
0.335705
-0.208471
1.83681
1.4691
1.31452
1.76675
1.47567
1.32573
-0.996987
1.32712
-0.0103702
1.31658
-0.802531
-0.151629
0.490987
-0.233255
-0.693297
-1.30637
-1.77599
0.97601
1.10417
1.23081
1.17858
1.40919
-1.48004
-0.832756
-0.645957
1.1855
1.12717
1.24972
1.14714
-0.238993
0.910043
-0.79874
0.830328
1.21626
0.853396
0.948245
0.832599
-0.882649
0.135224
0.73505
0.470428
0.448166
0.796042
0.509698
-0.378631
0.50087
0.619674
0.452785
0.496301
-0.0538046
0.00442937
-0.323375
0.327425
-0.0910563
-0.203143
-0.153338
0.194794
-0.489735
-0.370161
-0.402079
-0.63019
-0.361818
-0.62731
-0.499321
0.454752
-0.989997
-0.872127
0.439718
-0.673426
1.11827
-0.98242
-0.852531
-0.874441
-1.2103
-0.997239
-1.03046
-1.1173
-1.00072
-1.03432
-0.783171
-1.16036
0.414635
-0.609426
-1.10378
1.24169
1.40918
-0.532189
1.28727
0.72451
0.336059
1.28624
1.50008
1.18599
-1.40394
-0.284807
-0.0313614
1.09963
-0.904986
-0.338759
-1.39682
0.102509
-1.56157
-0.120049
0.200803
-0.417858
1.22099
-1.19447
-1.88292
-1.13459
-1.74603
0.217935
1.0343
-1.35553
1.38738
1.64
0.374271
-1.47245
0.197136
-0.513346
1.63678
-0.0316871
1.74338
-0.433122
-0.684035
1.43631
0.702459
0.891363
0.57612
-0.421178
1.16334
0.784104
-0.799746
1.21665
1.1671
1.66615
0.708017
0.989501
0.475708
1.20909
-0.755335
0.973522
0.800266
1.15009
0.877352
0.984418
-0.902656
0.444914
0.559584
0.615388
0.469871
0.55334
0.622018
0.492501
0.491928
-0.477438
0.089666
0.374271
0.183423
0.0827204
-0.190084
0.179628
0.0639743
-0.181654
-0.282401
-0.342868
-0.520502
-0.489934
-0.610115
0.536909
-0.823732
-0.683702
-0.275176
-0.752545
-0.618172
-0.0342685
-0.842897
0.10449
-1.08291
0.763008
1.18645
-1.38243
-0.192628
-1.03467
-1.19222
-1.18611
-1.05307
0.352221
-0.86729
1.12706
-0.480009
-0.0452004
0.961665
-1.37906
-1.23505
1.92859
0.1312
-1.54487
-0.692721
-0.296525
1.6713
0.912975
-1.48335
1.36934
-0.528286
1.26703
-1.78003
1.78423
-0.395336
1.02079
0.901619
0.922101
-1.94279
0.936276
-0.818436
0.954193
-0.157505
0.521153
0.866222
-0.182487
-1.51897
-1.66664
1.28347
1.531
-0.0305903
1.04376
0.844833
-0.388837
1.34826
0.831413
1.12245
1.26304
0.673183
1.21804
1.27921
-0.506839
0.637991
0.920346
0.67139
0.726611
1.09079
0.550539
0.71189
0.927053
0.745805
0.453106
0.88783
0.0154723
0.242726
0.707515
0.400291
0.680398
0.129448
0.299867
0.401019
0.500123
0.165393
0.00308389
-0.340642
0.0970667
-0.00795644
0.262674
0.00435642
-0.0285168
-0.652108
-0.147207
-0.358126
-0.697841
-0.284101
-0.495285
-0.539756
-0.959988
-0.787584
-1.07763
-0.204391
-0.769433
0.740006
-0.941542
-0.776749
0.532319
-1.33047
-1.09797
0.79632
-0.939384
-1.01658
-1.00135
-1.30558
-1.04704
0.813543
-1.28464
0.0234829
1.01552
-0.742513
1.07653
0.841173
0.202744
-0.673761
-2.00407
1.61824
0.394491
0.421819
1.32865
0.329823
0.680912
-1.19525
0.714399
-0.165377
0.717788
1.15065
-0.7736
-1.54838
1.82358
1.60717
-0.712477
0.262984
1.19823
0.931628
0.436098
-1.46861
0.781376
0.116719
1.4358
0.775433
1.04663
-0.393565
-0.53286
0.853718
1.22207
1.17542
0.194699
-0.995251
0.380104
1.16445
0.886501
0.939509
0.668738
0.457342
0.700136
0.684408
0.566164
0.512042
0.936831
0.481404
0.11041
0.572911
0.334695
0.576861
-0.0733366
0.202097
0.0173179
0.22943
0.0143301
-0.164273
0.096051
0.0992539
0.0211737
-0.260225
0.34554
-0.189496
-0.438106
-0.133256
-0.811365
-0.359345
-0.780445
-0.727359
-0.298654
0.799231
-1.0741
-0.921442
-0.865378
-0.937695
-1.10563
-1.23602
-1.03725
1.0732
-1.29817
-1.32235
0.132624
-1.05678
1.25336
0.0230203
-1.69821
-1.23748
-1.48594
-1.15282
1.02809
0.206055
0.955744
1.22729
-0.832503
-0.628461
0.196537
-1.48581
-0.0415947
0.473974
1.58152
1.10985
1.24838
-1.81679
-0.522198
-1.62477
0.503789
-1.39706
0.910372
-1.06484
1.44994
1.3359
0.25377
1.18004
-1.30991
0.561539
-1.36868
0.465969
1.29815
1.26399
0.299087
0.942805
0.802478
0.205769
1.02124
1.0585
0.188006
0.76201
0.844499
0.879414
0.171403
0.848108
0.824847
0.580521
0.998631
-0.625228
0.69463
0.61335
0.904219
0.036172
0.207521
0.275563
0.234211
0.251751
0.283153
-0.300099
0.0629836
0.214031
-0.371115
-0.341118
-0.387026
-0.164718
-0.326598
-1.08034
-0.0347956
-0.130796
-0.72746
-1.06488
-0.910408
-0.7303
0.0981644
0.805737
-1.44701
-0.266908
0.905718
-0.0372576
1.10071
-0.0479596
-1.37636
-1.22127
-1.31548
-1.11423
-1.03013
-1.75851
-1.38485
0.189279
0.426955
0.972598
-0.930684
0.196121
1.41922
-0.841016
1.14021
2.02051
-0.927335
-1.24399
1.09325
-1.80443
-1.63458
-1.46703
-0.366677
0.590261
-0.832574
0.782677
1.65838
-1.30753
-0.605251
0.0438016
-0.584708
0.0949035
-0.722546
1.62717
1.67514
1.07481
1.09336
-1.35107
1.42936
1.4157
0.813812
1.16502
1.20301
1.23988
0.721061
0.596939
1.0915
1.14035
1.13223
0.814086
0.442272
0.710278
-0.0897043
0.720408
0.43074
0.0144415
0.333725
0.144983
0.497808
0.31291
-0.247443
0.128071
-0.127411
0.0181072
-0.154371
-0.0812684
-0.535617
-0.674974
-0.607485
0.893784
-0.656793
-0.664415
-0.718229
0.129623
-0.551149
-0.803535
-0.671872
0.882804
-1.06727
-1.15345
0.171478
0.594515
-1.05492
0.123323
-0.0984321
-1.40812
1.47218
-1.34508
-1.49076
0.540697
1.2409
-0.978792
-0.285467
-0.822704
-1.63135
-1.60153
1.7144
-1.21144
-0.676603
1.31987
1.408
0.571111
-1.30297
-1.56655
1.23836
1.53778
0.227121
0.760378
-0.557805
1.76324
1.35234
1.59707
-0.913088
0.298637
1.7914
0.264096
0.237362
1.21861
0.342761
1.37613
0.239068
0.111961
-0.551335
1.10804
0.879316
0.974423
0.516422
1.18475
0.813401
0.732765
0.769185
0.663702
-0.290401
-0.233295
0.197016
0.806691
0.508447
0.168705
-0.428199
0.155978
-0.107069
0.333504
-0.037747
0.376668
-0.294424
-0.157116
-0.213186
0.371835
-0.801677
-0.625395
0.194652
-0.272392
-0.791755
-1.05736
-0.87182
-0.578586
-1.21457
-0.727696
-0.525773
-1.06003
-1.34726
-0.95826
-1.1599
-1.44219
0.168178
-0.869779
-1.00434
-0.280121
0.136371
-1.64576
-1.18463
-1.83161
1.03013
-1.50085
1.03265
-1.11143
-1.95518
-0.367453
0.987873
-1.38053
-0.804228
-0.108172
-0.0341708
-1.65364
1.82963
-0.692406
0.311561
-1.02185
-1.69226
-0.950033
1.03442
-0.0647114
-0.914849
-0.432825
-1.27762
1.11151
-1.43019
-1.12383
1.10738
1.47348
0.725236
0.881652
0.175385
-0.471182
0.690101
0.780347
0.713685
0.574904
0.976062
0.794303
0.34422
0.231673
0.625452
-0.461356
0.603215
0.429813
0.214198
0.311606
0.201149
-0.32363
-0.00243857
0.27233
-0.0303685
-0.49637
-0.46726
-0.409153
-0.733926
-0.697728
-0.971693
-0.351939
0.376034
-0.182594
-0.945402
-0.482059
-1.17525
-0.186543
0.00713656
1.12454
-1.13853
-1.55223
0.495165
0.987815
-0.768662
0.456224
-1.26395
-1.63826
0.723075
-1.34555
-1.63949
1.58324
-0.531031
-0.396887
1.45379
-1.55681
1.43126
1.75956
0.374622
1.47988
1.36892
1.17775
0.475514
-1.44758
1.86864
-1.21099
1.30097
0.611251
1.028
-1.0987
-0.146419
-1.43026
-0.0526105
0.53845
0.867983
0.0370111
-1.21356
1.37152
-0.886378
1.09872
0.592754
0.842417
0.718494
-0.285478
0.942541
-0.701232
0.382849
0.050293
0.398534
0.192605
0.845965
-0.404848
-0.0619161
0.181895
0.136051
0.192838
0.0694625
-0.0411154
-0.188535
-0.199084
-0.172476
-0.563427
-0.510869
-0.818487
-0.659715
-0.487259
-0.772232
-0.77168
-0.916673
-1.1014
0.916628
-0.295761
-0.911176
-1.70451
0.345624
0.845468
-1.48909
-1.28767
-1.35546
-0.924625
-1.5734
-1.82616
-0.0852982
0.680069
-1.30289
-0.0777916
-0.70937
-1.24986
-1.52748
1.39014
-1.32383
1.20367
-1.4159
-1.94146
0.000859072
-0.56228
1.51907
-0.392735
0.272
1.67029
1.53581
-0.244696
0.984111
1.72816
1.46768
0.577305
-0.222722
-0.448854
1.25021
0.785046
1.25784
-0.754756
1.08143
-1.297
0.816157
-0.980258
0.753483
1.33194
-0.339784
0.826294
0.54975
0.236805
0.711593
0.489884
0.0228155
-0.165909
0.351711
0.337558
-0.321779
-0.0741527
-0.261894
0.419138
-0.52137
0.116217
-0.112076
0.496877
-1.0605
0.478946
0.488114
-1.05942
-0.823238
-0.936387
-1.25816
-0.878428
-0.715496
-0.491418
-0.850873
-1.1623
-0.520898
-0.474732
-1.59599
1.51417
1.37072
0.926719
-1.1015
-1.58898
-0.372444
0.371892
-0.0871542
0.804257
-1.83292
-1.55172
0.806217
-0.706986
-1.25298
-0.943571
1.62275
-0.182425
1.56193
-1.48967
0.8498
1.43893
-0.134708
0.458196
1.11097
1.36806
0.756928
1.45584
1.41743
1.16739
-1.26131
-0.844151
0.530128
1.15219
-0.0973256
0.325619
1.22358
-0.622737
0.811976
-0.891038
0.439873
0.719844
0.479863
0.533067
-0.163835
-0.192393
0.194898
0.0652142
0.0493658
-0.201782
-0.203772
-0.384406
-0.414274
-0.468955
-0.473346
0.227313
-0.69508
-0.976875
-0.477488
-0.972908
-0.530988
-1.01584
0.0936841
-1.11469
-0.945861
-1.64204
1.05529
-1.25325
-0.370611
-1.53868
-1.43318
0.903483
-1.5893
-1.69217
-1.94733
-0.730281
0.255572
0.222407
-1.66403
-1.78108
-1.44915
-1.47178
-0.958747
-1.76837
-0.0332502
-0.670665
-0.840226
-1.74249
-1.09847
1.42823
1.06802
-0.80214
-0.188885
1.5016
1.07956
-1.00743
0.383358
0.835528
1.03169
1.06899
1.40312
0.859659
0.395794
0.984645
1.02333
-0.481805
0.512803
-0.673906
0.886663
0.345587
0.379931
0.520396
-0.327872
-0.0573872
0.264731
0.276852
-0.217701
0.0554904
-0.362926
-0.0909014
0.457626
-0.225299
-0.0620494
-0.469104
-0.818745
-1.03651
-0.824849
-0.785714
-0.797335
-1.00048
-1.30664
-1.04737
-0.505692
-0.45142
0.440571
-1.45037
0.677921
-1.60513
0.612646
-1.29856
-1.65711
-1.31344
-0.424191
-1.46951
-0.526596
-0.384183
1.75209
-1.3415
0.958269
-1.24457
-0.484146
-1.34455
-0.159035
0.594075
0.695747
-0.330576
-1.34005
1.20436
0.732814
0.201428
-0.698927
1.29652
0.91559
1.28091
-0.169192
0.470162
0.75747
1.02663
-0.585569
1.17327
1.31745
0.705796
-0.605344
0.436264
0.869279
-0.495838
0.46588
0.482478
-0.157155
0.116673
0.156941
0.628956
0.292895
-0.247948
0.181413
0.0506963
-0.552647
-0.316746
0.386813
-0.40878
-0.947764
0.865837
-0.928991
-0.725701
0.109449
-1.19456
-0.968507
1.40702
-1.06172
-1.33986
0.635142
0.933834
0.606586
-0.00916752
-1.45073
0.229444
-0.950718
1.62149
-0.966529
1.12842
-1.18594
-1.14157
-0.646808
1.21401
0.473226
1.20138
-0.867424
1.71379
-0.264591
1.7204
-1.53754
-0.903226
1.70216
-0.375713
-0.38609
1.36912
0.516184
0.121189
1.14642
1.12719
0.559056
-0.316432
1.02882
0.720175
-0.72082
0.520661
0.687016
-0.692716
-0.671721
0.765743
0.114883
0.647476
0.590091
0.297021
0.39608
0.241839
-0.19035
-0.126989
-0.19422
-0.526091
-0.376617
-0.694383
-0.92073
-0.644793
-0.675806
0.530856
0.462759
1.04194
-0.0473389
-1.12402
1.20689
-1.3647
0.705821
-0.300892
0.794721
-1.4392
-1.21556
1.16193
-1.62206
-0.478598
1.30544
0.192595
1.30212
1.24084
1.01351
-1.45313
1.39966
1.26407
-0.207873
-1.24933
-1.26135
-1.95283
1.02747
1.85766
-1.06652
-0.83054
-0.136498
1.26722
1.04186
1.12538
0.366733
-1.38277
0.87225
-0.296049
0.932721
1.31265
1.18262
1.22082
0.3551
0.896656
-0.42255
-0.183708
0.717852
-0.141009
0.295958
0.462057
0.14515
-0.0608206
0.138818
-0.198471
-0.0125621
-0.242019
-0.48617
-0.617005
-0.487069
0.0860478
0.327639
-1.23045
-0.381146
-1.02471
-0.780126
0.878648
-1.03438
-1.16656
-1.25015
0.843155
1.27064
-0.316538
-0.536274
-1.68135
-0.1377
0.11734
1.04887
-1.49806
-1.65123
1.36971
-1.09868
-1.33971
-0.0623037
-1.02527
-0.344446
-1.0736
-0.254356
1.39455
1.21994
1.14823
1.60473
0.616768
1.87307
-1.70921
0.978281
0.546321
-1.17635
0.586418
0.145353
0.152066
1.0678
0.872849
1.00696
0.611671
0.832788
0.657215
0.0389853
0.660519
0.679988
0.454793
0.154714
0.19918
-0.326659
-0.00802906
-0.0220997
-0.0799753
-0.472309
-0.662339
-0.476004
-0.856999
-0.245038
-0.849691
0.194577
-0.759059
-1.0065
0.798447
-0.0462615
-1.19237
-1.38806
1.20835
-1.09108
0.664092
-1.26348
-0.193612
-0.0441931
-1.6226
-1.57681
1.50749
1.60961
1.34879
-0.839493
1.78786
-1.08306
-0.240689
-1.13432
-0.335621
1.58809
1.5541
-1.17914
1.81389
-1.20302
-1.26359
-1.2531
1.54644
1.59437
-1.34303
1.00807
-0.581506
1.03077
1.05104
1.33278
0.687796
0.922284
0.778634
0.848985
0.653029
-0.374249
0.388663
0.264744
-0.0842641
0.359661
0.19344
-0.281312
0.0641045
-0.322655
0.223835
0.668214
-0.377704
-0.808036
-0.46915
-0.664213
-1.27702
-0.707334
-0.762608
-1.05184
-0.506312
-1.02107
-1.08303
-1.3399
-0.811133
-1.46369
-0.265051
-1.20915
-1.38158
-1.32394
-1.44835
-0.64791
-1.74905
1.43848
1.58196
0.972016
-0.797779
-1.72964
-0.350381
0.597553
-1.313
-1.45134
-1.10831
1.11503
1.55251
1.17597
1.46035
1.55059
-1.06578
1.35738
0.0304534
1.29409
1.1465
1.03087
0.922703
0.744129
-0.89504
1.04956
0.469498
0.923794
-0.0943954
0.524815
-0.207111
0.603754
0.268884
-0.253778
0.134697
0.388237
-0.362199
-0.0916377
-0.372975
-0.45595
0.639461
-0.660043
0.640334
0.535677
-1.22126
-0.828374
-0.57763
-1.23563
-0.622225
1.17524
-1.4684
-1.64124
-0.736464
-0.128831
0.512748
1.34369
-1.77474
-0.488411
0.178815
-0.652629
-1.89504
1.32954
-1.30639
0.454702
1.40611
1.3345
-0.0843492
-1.06175
-0.974821
0.223131
-0.35566
1.16761
1.3594
1.54969
0.730959
1.52581
1.57226
0.950065
-0.324016
-0.359242
0.386353
-1.18515
0.89626
0.684705
1.10124
0.605082
-0.208512
0.297521
0.472149
0.00705228
0.462829
0.242021
-0.0853758
-0.116789
0.400986
-0.5207
-0.574427
-0.769008
-0.654738
0.534948
-0.659486
-0.796842
-1.12007
-1.19126
1.0371
-1.37185
-1.18724
0.378411
-0.917256
-0.414479
-0.844302
-0.441475
1.03098
1.5697
-0.48934
0.658501
1.21631
-1.24626
0.427933
-1.85801
0.125513
0.147058
1.70094
1.61518
-0.278717
-1.1093
-1.67073
1.07985
1.40787
0.288128
-0.140673
-0.253119
1.0964
1.04098
1.09529
0.702661
1.16177
0.637046
0.565422
0.674338
0.78177
0.96426
0.457173
0.47993
0.506122
-0.0290108
-0.192786
-0.230873
0.0412431
-0.267739
-0.526207
-0.14094
-0.431838
0.100263
-0.81423
-0.914045
-0.748422
-0.954104
-1.07597
-0.895245
-0.838987
-1.05823
0.00247027
-1.50403
-1.48599
-1.6183
1.71188
-1.87796
-2.04781
1.21524
0.228719
-0.557946
1.59439
1.36668
-0.283951
0.84087
0.128194
0.0336968
0.547834
1.52881
-0.463488
2.03557
1.56399
-0.321678
1.51612
-1.21164
1.31622
1.02669
0.947451
0.786743
-0.881961
-0.829563
0.840885
0.375737
0.6669
0.726977
0.627204
0.510208
-0.238722
0.345353
-0.4303
-0.0400182
0.0441368
-0.174289
-0.100619
0.0839228
-0.184866
-0.333443
-0.507563
-1.0367
0.381391
-1.08112
0.357829
-0.897861
-1.2511
-1.37542
-1.06216
-1.40027
-0.502916
0.881059
1.25853
0.761273
-1.59275
-0.807238
-1.4688
0.914808
-1.62034
1.40001
-0.597794
-1.83944
-1.39355
1.49942
-1.34909
-1.25154
-0.800486
-0.103467
-0.651406
-0.478293
-1.22589
0.0169033
-0.6799
1.61417
1.30093
0.191454
1.30784
0.584683
-0.681087
0.761089
0.527118
0.686816
0.502991
0.516578
0.369996
-0.00093269
0.264132
-0.297353
-0.229585
-0.363524
-0.478925
-0.492124
-0.506474
-0.680052
0.332836
-1.02987
-0.929747
-1.00544
-0.998372
-1.05617
-0.685727
-0.0546235
-0.982186
-1.02272
-1.2643
0.0524461
1.58487
1.12094
-0.469728
1.38923
-1.66036
-0.734775
0.832591
-1.78666
-1.39493
-1.37395
-0.266794
-0.811901
-0.463041
1.74425
-1.25801
0.929635
-0.0513828
1.30163
0.665257
-1.01182
0.956543
0.294143
0.756557
0.945113
0.923685
0.647925
0.183659
0.733987
0.672594
0.147393
0.369481
0.628591
-0.0669798
0.0389427
-0.290299
-0.176665
-0.361066
-0.559435
-0.197852
-0.0973268
-0.422789
-0.807148
-0.637967
-0.696378
-0.491937
0.0659882
-0.641765
-1.0813
0.598988
0.077956
-1.39628
-1.52376
-0.424938
0.595179
-0.166637
-0.877586
1.41249
-0.625459
-1.86293
-1.08836
1.3557
-1.21958
-1.29544
1.36619
1.58556
0.589066
-0.342929
-0.498651
0.991434
1.24765
1.22847
0.99995
-0.0116139
1.33545
-0.870306
1.17871
0.980813
1.00314
0.80817
0.527902
0.527124
0.36387
0.698778
0.648175
-0.0584892
0.32986
-0.112935
-0.285724
-0.326074
-0.298432
-0.422561
-0.253041
-0.761167
-0.92351
-0.846645
-0.841347
-0.456265
-0.921298
-1.04134
0.214849
-0.0892879
-1.30055
1.13042
-1.58189
-0.0858037
1.19804
0.00559376
-0.283724
-0.330614
1.24287
0.182721
-1.15977
1.84708
-1.86134
-1.57576
1.35673
-0.422166
0.846675
-0.796889
0.992989
1.70568
0.846612
-1.22137
-0.0996495
-0.00616533
-0.274773
0.459316
0.840665
-0.511456
0.722022
-0.664558
0.438466
0.543825
-0.00072346
0.253629
-0.536006
0.41602
-0.0043604
0.109249
-0.0210235
-0.0708835
-0.436129
-0.316206
0.491399
-0.808089
-1.20745
-0.786132
-0.428851
0.921431
-1.43875
-1.17874
-0.921596
-0.853989
1.26383
-1.62432
-1.45465
-1.34613
1.30888
-1.18743
1.26657
0.847152
-0.000706341
-1.58682
-1.18701
1.77668
-0.520275
1.48678
-0.889445
-0.0565856
-0.318214
1.7485
1.01906
1.44565
-0.656078
1.0782
0.648983
1.23795
0.980986
-0.706348
-0.887294
0.815906
0.488329
0.548288
0.293084
0.373011
-0.558749
-0.213309
0.115882
0.0976896
-0.483504
-0.172151
-0.342469
-0.261081
-0.612312
-0.409153
-0.834791
-1.19116
-0.836388
-1.0731
-0.911618
0.85386
-1.57524
1.16132
-1.10444
0.71442
-1.47991
1.00194
0.99857
0.0498693
-1.23697
-1.13003
-1.64405
1.6306
-2.04801
-1.3259
1.658
1.69006
-1.05411
1.39339
1.20413
0.828303
1.24413
0.340462
-1.05805
0.101738
1.42974
1.15725
0.602321
0.330873
0.886733
0.721916
0.6515
0.671137
-0.384068
0.48076
0.00162661
-0.0185119
0.30395
0.0528998
-0.311345
-0.268241
-0.559905
-0.593767
-0.39215
-0.720392
-0.957507
-0.103156
-0.906638
-1.15507
0.500559
-1.21497
-0.635629
-1.35416
1.02658
1.25941
-1.07713
0.68777
-1.70448
0.887972
-0.598638
-0.138102
1.44039
1.31203
-0.822551
0.687251
1.42947
-1.06051
1.64651
1.38375
1.32399
0.980958
1.56986
-0.581799
-0.637833
1.19885
0.824449
-0.0603387
0.165503
0.846137
0.670055
0.290199
0.444884
-0.256205
0.430309
0.0378278
-0.168406
-0.108966
0.258065
-0.194578
-0.642516
-0.322355
-0.252998
-0.998332
-0.481012
-0.697242
-1.48513
-0.922676
-1.23218
-0.34971
-1.25882
-1.24129
-1.7172
-1.1308
-1.4891
-1.91628
-1.2373
0.519831
-0.821638
-1.54351
1.40834
-1.22638
-1.40112
-1.39863
1.40203
-0.491962
0.737155
0.97675
-0.844904
1.31642
-1.18233
0.884114
0.923414
1.25814
-0.438377
-0.468498
1.00896
0.872926
0.658638
0.640515
0.462433
0.0975963
0.377416
0.323667
0.152941
0.261551
-0.136097
-0.268684
-0.104822
0.1557
-0.292433
-0.699191
-0.92807
-0.219669
0.813673
0.810172
-1.31841
-1.37058
-1.32589
-1.31971
0.822508
0.495825
-1.75599
-1.45046
-0.639716
-1.6027
-0.684071
1.74094
-1.42928
1.62974
-1.18834
-0.94058
1.2581
0.845169
1.11564
1.7535
1.55596
1.17715
1.49144
1.32815
-0.188613
0.916406
1.169
0.718238
-0.433368
0.673476
0.765388
-0.351504
-0.737172
0.542606
0.165753
0.290392
-0.270448
0.181682
-0.325852
-0.319311
-0.555816
-0.545128
0.698732
-0.717918
-0.809074
-1.43528
0.874422
-1.20719
-0.828602
1.15496
-0.850713
1.15563
-1.42881
1.71376
-1.24234
-1.28095
-0.243505
1.51962
0.910652
-0.851307
-0.50713
1.67684
-1.85867
0.707735
-0.181265
0.601776
0.0585843
1.31569
-0.152593
1.01098
0.797797
1.34698
1.19807
1.42499
1.02844
0.654081
0.890156
0.539234
0.38264
0.0546295
0.232605
0.0002448
0.211574
-0.36757
-0.233229
-0.104504
-0.576985
-0.668406
-0.734238
0.29715
-0.743219
-0.98169
-1.05887
-1.02492
1.22609
-1.32676
-1.17188
1.54964
-1.1483
-1.4783
-1.52739
-0.843939
-0.335629
1.39442
1.25546
1.39269
1.65275
-1.38626
-1.4494
1.13535
-0.0977894
-0.789108
0.72934
-0.100391
-0.696035
1.03345
0.844004
0.539769
-0.939544
1.33283
1.0344
-0.206241
-0.913866
-0.0740902
0.431808
-0.534159
0.632007
0.0711512
-0.252464
0.0767515
-0.223972
-0.191504
-0.603795
-0.337827
-0.745507
-0.872891
-1.02012
-1.04037
-0.89618
-0.137632
-1.35685
-1.56403
-1.46251
-0.317699
-1.15849
1.11328
-0.144839
-1.59057
0.342066
-1.17827
-1.5546
0.48918
1.61659
0.86023
1.28071
1.23474
1.13225
-0.848289
1.50173
1.6144
-0.445463
-1.27248
1.07636
-1.07608
1.40486
0.890467
-0.997245
1.058
-0.696256
0.444992
0.206277
0.59584
0.536937
0.0382362
-0.13094
-0.288377
0.346603
-0.548944
-0.291655
-0.443396
-0.754906
-0.821923
-0.693645
-1.03885
-1.10737
-0.77148
-1.22728
-0.607262
-1.4241
-0.144902
-1.22183
-0.0184504
-1.4627
0.60011
-1.30177
0.752476
-1.11497
-0.560516
1.42804
1.61202
-1.2846
-1.28132
1.3038
1.62136
1.69819
-0.864239
-0.819513
0.783139
1.53144
0.468649
0.801313
0.420081
0.971856
0.86003
0.417488
0.411749
0.340565
-0.287834
-0.0215095
-0.0593105
-0.298083
0.323219
-0.543842
-0.920566
-0.451558
-0.913991
-0.653972
-0.662083
-0.0545662
-1.05347
-1.58476
-1.17416
-1.40778
0.233845
0.271336
-1.43727
-1.58207
0.604523
-1.63113
0.558326
-0.899469
1.40189
0.268717
1.89207
1.78404
0.448495
1.39466
0.810734
-1.2524
1.26832
1.08041
-0.938539
1.17168
0.797415
1.06459
0.933673
0.903818
0.810485
0.554755
0.317925
-0.53415
0.238334
0.278604
-0.0939389
-0.137309
-0.349472
-0.496693
0.0916098
0.135375
-0.973821
-0.175242
-0.809503
-0.296062
-1.36939
0.396428
0.298494
0.485137
-0.756596
1.26848
-1.30958
-1.23931
-1.33638
0.463598
-1.72194
-1.75803
0.398124
0.18513
1.69512
0.214852
1.63083
1.17983
0.337001
1.38777
0.919913
1.36889
0.210159
0.418825
1.17551
-0.571273
0.388936
0.674721
0.710994
0.49653
0.363732
-0.301531
-0.027952
-0.195005
-0.197654
-0.0932812
-0.341506
0.413968
-0.645775
-0.723451
-0.807091
-0.400965
-0.298938
-0.69882
-0.0611612
-0.551966
-0.982755
-1.9484
-1.43688
-1.0999
-0.843276
-1.4205
-1.05746
-1.2491
1.65042
0.759659
1.36325
0.482693
1.55779
1.0099
1.71895
1.38745
1.23007
1.86016
0.0691336
1.43899
1.10392
-0.883207
1.14114
-0.865219
1.17894
0.276313
0.705612
-0.422337
-0.523408
0.285286
0.126601
-0.125352
-0.211461
-0.641249
0.0912532
-1.00852
-0.718624
0.560049
-1.36312
-1.13187
-0.534007
-0.825361
0.416005
-1.35948
0.734732
-0.744928
-0.583744
-1.50064
1.27419
-0.913558
-1.74553
0.0900718
0.281699
0.406255
-0.13035
-0.501397
-1.57764
0.95617
0.296838
1.07822
-1.0406
0.823667
0.835693
-0.0632508
1.02237
0.953142
0.739318
0.814903
0.493784
0.631722
-0.260833
0.32477
-0.226674
-0.17437
-0.0681778
0.0387231
-0.357194
-0.543034
-0.731654
-0.645059
-0.696286
-0.992832
-1.00201
-1.41975
-1.30084
-1.60798
0.391974
-1.61063
-1.70375
-0.877648
-1.46449
1.0016
-1.51326
1.63921
0.788551
0.849174
1.87123
0.959898
1.56032
0.322598
-0.787203
0.633407
-0.510737
1.38489
1.33764
0.923579
-1.05021
-0.567963
1.13411
0.879571
0.562278
0.971025
0.589207
0.0179938
0.160882
-0.385508
0.241523
-0.387706
-0.041069
-0.812936
-0.487344
0.474306
-0.823428
-0.999587
-0.345155
-1.14812
0.292856
0.529161
-1.66569
0.664664
-1.58496
1.42736
0.610934
1.26592
1.02367
-1.4961
-1.40922
-1.76755
1.59298
0.850505
1.25864
0.0730029
1.6885
1.37078
-1.32063
1.14553
0.0179134
-0.902065
-0.661121
1.06162
1.0845
0.954348
-0.774543
0.506524
0.489432
0.465107
0.0255484
0.106745
-0.28547
-0.311266
-0.597359
-0.582954
-0.934955
-0.514315
-0.886662
-1.22263
-1.37783
-1.11519
-1.2041
-1.29653
-1.60866
-1.40992
-0.588946
-0.997723
0.682252
-1.17607
1.70866
-0.0717767
0.348202
1.58888
1.49117
-0.95284
-0.741908
-1.02449
-1.3985
1.21032
1.5173
0.0769643
-1.0561
1.17543
-0.932396
0.733223
1.35829
0.934481
0.405867
0.644941
0.0914187
0.00251833
0.205199
0.16797
-0.556386
-0.565988
-0.478251
-0.757557
-0.906143
-0.276449
-1.07907
-0.3195
-0.970234
-1.05905
-0.162277
0.701673
-1.51007
-1.56436
-1.32645
-1.64394
-0.967739
-0.0423738
0.451457
-1.25609
1.55685
1.0194
0.15841
0.79291
-1.25254
1.4245
0.776441
-0.00096354
1.18237
1.15938
1.23098
0.776149
0.543399
0.5066
-0.641772
0.639703
0.59517
0.583173
0.117102
0.0498121
-0.135044
-0.402318
-0.182165
-0.627051
0.359183
-0.281499
-1.25492
-0.0628048
-1.58226
-1.34307
-1.37919
-1.61822
-1.62405
0.364434
0.786848
-1.08563
-0.398909
-1.68432
1.74336
0.112476
1.83993
0.339501
1.51272
-0.112312
-0.000821102
0.946877
1.13529
-0.0401315
1.3035
0.75658
-0.898014
0.859529
-0.424368
0.75738
0.65722
0.655187
0.768588
0.610608
0.0671895
-0.348357
-0.0604232
-0.211579
-0.36378
-0.410087
-0.856551
-0.923012
-0.976854
-1.06284
-0.292679
-0.944487
-1.53707
-0.965915
-0.723921
-1.09444
-1.41829
-0.308422
-1.71735
0.444597
0.131558
0.812072
1.95399
0.635628
0.560021
0.471402
1.29287
-1.48902
1.62561
1.71851
1.12936
1.20193
0.237961
0.57399
1.17132
0.613567
0.580575
0.807178
0.375737
0.466926
-0.0912347
-0.0782061
-0.107806
-0.438972
-0.166595
-0.957468
-0.590394
-1.00551
-0.626271
-0.98701
-1.09604
-0.996834
1.12235
-0.477978
-1.27807
0.946279
1.59445
0.449621
-0.612187
-0.271811
0.582363
1.44342
-1.34788
1.61593
-0.642153
1.5819
1.33902
0.879027
0.943762
1.26817
-0.126828
0.957929
0.919098
0.689641
-0.623472
0.549136
0.46221
0.685842
0.601775
0.480308
0.0501609
0.255334
-0.128505
-0.287371
-0.317125
-0.216504
-0.6893
0.683
1.24509
-1.24608
-1.41581
-1.12598
0.0146069
-1.18597
-1.61122
1.51269
-1.27459
-1.44438
-1.4885
-1.57789
-1.61057
-0.744163
1.64463
-0.41907
1.07339
1.24846
1.36907
1.89948
0.200421
1.28625
1.24732
-0.0776137
1.40014
1.09184
0.954229
-0.363829
0.301564
0.547094
-0.0300286
0.0162073
0.0406131
-0.386219
-0.388993
-0.453924
-0.537338
-0.873103
-0.723923
-1.26906
-0.866153
-0.9266
-1.50468
1.14943
-0.594036
-0.131025
0.118507
-0.786645
0.34715
-1.70547
0.491374
1.27488
0.843367
0.200263
1.32058
-0.640516
-1.90065
-0.947142
1.53178
1.41443
0.940377
1.34485
0.429601
0.574203
0.884909
0.649843
0.448121
0.566138
0.674681
0.190257
0.354432
-0.429816
-0.331156
-0.234156
0.840325
-0.455356
-0.600361
-1.11435
-0.923373
-1.1339
-1.15844
0.0169177
-0.239892
0.74049
-0.813345
0.880045
0.94169
0.911974
-0.780961
1.63499
1.41454
0.492632
-1.37445
1.26916
1.40368
-1.3936
0.455574
-1.24907
0.707776
1.38516
0.946736
1.36289
0.487892
0.591417
0.956173
0.499193
0.345556
0.131429
0.24606
0.159867
-0.32869
-0.18524
-0.540839
-0.600836
-0.538355
-1.14391
-0.134918
-0.955249
-0.835486
-1.54612
-1.21478
-1.64713
-1.15452
-0.166723
-0.326361
0.692454
-0.0382588
-1.28196
-0.786742
-1.09299
-0.609132
1.3068
0.976184
1.61829
-1.22581
0.0275566
-0.071617
1.01057
0.88017
0.277385
-0.935096
1.40841
0.981895
0.931114
0.53693
0.191871
-0.227493
0.0594683
-0.12467
-0.417036
-0.289763
-0.704638
-0.671018
-1.14179
-0.979133
-0.876653
-0.424853
-0.303939
-1.59603
-1.45726
-1.45357
-1.84553
-1.37376
-0.127744
-1.66729
1.63368
-0.695934
0.0110818
-0.834093
0.850728
0.0122374
1.65555
-0.858017
-0.714398
0.957217
0.476309
0.798013
-1.10822
-0.721267
0.718145
0.855987
0.461238
0.385082
0.572785
-0.112134
0.167952
0.234101
-0.442219
-0.130713
-0.973666
-0.588737
-0.484518
-0.976646
-0.921248
-1.47229
-1.07871
0.0334371
-0.288624
-1.36109
-0.225591
-1.7555
-1.91339
-1.63951
-1.43974
-1.06863
-0.942968
-1.60427
1.37126
0.73027
1.41114
-0.0228722
0.785976
0.353488
1.25857
-0.12441
0.35046
0.851313
-1.1154
0.940657
0.298701
-0.0986665
-0.0253768
0.0706798
-0.0531856
-0.166079
-0.376078
0.567927
-0.877617
-0.924481
-0.0139278
-1.19289
-1.25932
-1.04748
-1.14101
-1.00103
-0.748608
0.487519
1.27252
1.2631
-0.87913
-0.867929
-1.847
1.58909
1.42718
1.49007
1.61825
0.882974
1.27162
1.5274
1.29096
-0.512318
0.882444
0.741821
1.21251
0.679518
-0.554707
0.665766
-0.139829
0.300991
0.146969
-0.272196
0.187605
-0.402183
-0.805443
-1.02645
-0.70309
-1.37746
-1.1308
0.59743
-1.0274
-1.20004
-1.37687
-0.358028
0.076793
-0.851482
-0.903344
-0.291149
-0.139792
1.35624
1.62533
-1.22035
1.18909
1.10046
1.11116
0.482778
1.5147
1.32149
0.64897
0.811189
0.811642
0.924943
0.858911
0.694284
0.359619
0.369751
0.201063
-0.136821
0.160693
-0.369673
0.494994
-0.571996
-1.01183
1.04675
0.608671
-0.971135
-0.866726
-1.07971
-0.69882
-1.40486
-1.42977
1.62846
-1.45181
-1.59118
0.754791
-1.74359
1.12957
1.59718
0.247657
1.21817
-0.815172
1.88344
-0.134753
-0.853306
-0.696036
0.851193
0.774553
0.689711
0.649278
-0.399702
0.527552
0.49966
0.272034
-0.299944
-0.0720158
-0.268861
-0.590881
-0.676487
-1.08369
-0.983358
-0.995501
0.350395
1.00421
0.156042
0.0534169
0.320594
-1.63505
0.434772
0.800224
-0.791727
-1.29189
1.45681
1.48077
1.76218
-1.4395
-1.33619
1.56008
1.35957
1.25356
0.998325
0.761826
0.813925
0.276601
-0.167039
0.808233
0.282708
0.50088
0.467612
0.46268
-0.0605079
-0.455329
-0.189016
-0.0951044
-0.42161
0.92467
-0.315916
0.464265
-1.30341
1.31589
-1.55943
-0.874424
1.26254
1.39215
1.55298
-1.21453
0.199774
0.950215
-1.18878
0.611399
-0.7984
-1.54982
1.11251
0.377263
1.41878
-0.115018
1.01326
1.39249
0.893514
1.23547
0.930229
0.952791
0.528018
0.421759
0.113139
0.34114
-0.0659094
-0.224619
-0.127804
-0.607321
-0.532051
-0.411905
-0.688803
-0.194958
-0.688706
0.852062
-0.729536
0.50444
-1.14785
-1.58931
-0.981913
-0.850855
-1.4434
0.853273
-1.54277
-0.57518
-1.53835
-0.617741
0.0143306
-0.401935
-0.577853
1.24039
0.240669
-1.0881
-0.36053
0.902409
0.835264
0.534112
0.661057
0.21933
-0.0371705
-0.0247819
-0.162301
-0.108729
-0.41144
-0.58143
0.503753
-0.673884
-1.2772
0.40139
-1.17828
-1.2425
0.787675
0.989817
1.32635
-1.37163
1.20145
1.75729
0.780614
-1.06141
-1.5573
1.78457
1.66454
1.75114
0.404677
1.91556
0.965738
1.09702
1.30658
0.904018
1.08658
0.713694
0.272854
0.791668
-0.0845155
-0.28652
0.0781238
-0.311723
-0.62983
-0.208566
-0.656003
-1.11664
-0.795933
1.00931
0.74738
0.746622
-0.974738
-1.57781
1.27782
-0.145988
1.74684
1.70507
0.937792
-0.563833
0.658203
0.523944
0.154433
1.52158
-0.441068
-1.25504
1.02954
0.257409
0.684964
1.31864
0.90475
-1.01807
1.03956
0.61535
0.747539
0.34792
0.275946
-0.0996152
-0.0710489
-0.261733
-0.191787
-0.609673
0.706359
-1.02299
-1.01273
-0.757029
-0.747173
-1.13478
-1.37479
-0.26522
-1.11794
-1.17845
-0.515709
1.47639
0.953144
-0.355273
0.822548
-1.01152
-0.457663
1.27884
-1.53102
1.54791
1.14584
1.07382
0.807229
0.796357
0.960588
1.34056
0.582151
0.404341
0.552979
-0.173707
-0.00213281
-0.306794
-0.116008
-0.316896
-0.703403
-0.759448
-0.983575
-0.375742
0.932991
-0.856001
1.24312
1.36346
0.125601
-1.53841
-1.13899
1.1251
1.67519
1.57029
1.1325
-0.366531
1.39914
-1.48421
-1.13226
1.15069
0.50484
-1.32934
0.884578
0.0670628
-0.532429
0.557286
0.848201
0.536522
0.425067
0.457195
0.428882
-0.0672383
0.110494
0.130255
-0.502218
-0.623684
-0.597482
-0.0929263
0.723335
1.16935
0.431221
-0.0877038
-1.38266
0.993784
1.3709
1.23089
-1.90863
1.61245
-1.4067
1.35326
1.2206
1.6398
0.981698
1.14183
1.23984
1.40766
1.16387
-0.91561
0.394903
0.248976
0.595694
0.852572
-0.361557
-0.250683
-0.106379
0.213923
0.03797
-0.200152
-0.484506
0.435759
0.393101
-0.648875
-1.22374
0.714479
-1.42752
-1.09341
0.774447
0.973289
0.331997
0.76225
-1.2662
0.164827
1.46653
-2.11273
1.77226
0.603693
-0.610559
1.26298
1.23377
-1.00923
-0.0863511
0.985272
-0.640206
0.981008
0.835633
0.46226
0.453508
0.333411
-0.0341
-0.336971
0.326637
-0.27425
-0.706705
-0.439374
-0.635078
0.569309
-1.46073
0.713888
-1.41828
0.821254
-0.131994
-1.80505
-1.49308
0.00328078
-0.563888
0.429916
-0.89407
0.844372
0.106664
-1.10599
0.818521
-1.3634
-0.959419
-1.0139
-0.738428
1.06157
1.16471
0.802433
0.860588
-0.739538
0.320215
0.53173
-0.10721
-0.263136
-0.075546
-0.148675
-0.540373
-0.418003
0.358144
-0.534454
-1.39856
-1.28475
0.899039
1.52798
-1.33079
-1.24281
0.134417
-1.54328
-1.16897
0.330251
-1.3479
-0.38776
-0.520071
0.183181
0.416928
1.66137
1.31201
-0.218857
-0.556082
0.847374
0.801475
-0.60563
-0.58463
-0.126429
0.0984907
0.104981
-0.0837126
-0.14763
-0.391112
-0.864395
-0.545018
0.0687525
-0.424778
-1.52862
-1.4112
-0.492306
-1.5691
0.228014
-1.1755
-1.44241
0.299018
0.0911824
-0.463303
1.39179
1.72395
-1.66979
-0.177788
-0.873908
-1.19932
1.36312
1.40862
0.199525
1.14413
0.878052
0.509178
0.759879
0.510426
0.450541
-0.102917
-0.0192976
-0.38428
-0.488636
-0.684939
-0.892783
0.762939
-0.341649
0.128948
-1.40207
1.09811
0.32001
0.486131
-0.878728
-1.12096
-1.14594
-0.880766
-1.14205
-1.92158
-1.97258
-0.547277
-1.73358
-1.19436
-1.25415
-0.569628
1.22043
1.36857
1.18178
0.903803
1.1483
-0.631432
0.302166
0.285984
-0.181962
-0.0342487
-0.403521
-0.155905
-0.282288
-0.0663547
-0.277328
0.239987
-1.35731
-1.108
-1.54286
0.435497
0.185152
-1.27386
-0.865384
-0.902349
1.54124
1.46059
0.387157
1.68074
-0.363124
0.771729
0.993726
0.430279
1.23639
1.31607
0.729654
0.161723
0.984834
0.515527
0.445073
0.611078
0.573362
0.0148499
0.164239
0.0391091
-0.183231
-0.503203
-0.802788
-0.69084
0.155913
-0.142512
0.930567
-1.20263
0.810558
-1.5678
1.38796
1.29804
-0.626066
1.3513
0.0222965
-1.03377
1.19634
-1.14198
0.654168
-0.203064
-1.12865
1.58878
0.998445
0.928386
1.11126
0.671573
0.649567
-0.761409
0.0872519
-0.354949
0.349575
-0.0455068
0.0339492
0.355202
-0.555778
-0.732071
-0.962991
-1.00828
-0.672084
1.55025
1.13913
-0.965512
-1.71317
-1.1714
0.845042
0.545612
1.37808
0.663736
-0.124371
1.98125
-0.254392
1.70268
1.46019
-1.45619
1.19514
-0.811362
1.06361
0.590232
0.69776
-0.408615
0.224921
-0.168868
-0.0552537
0.146905
-0.252727
0.109423
-0.503105
-0.443975
-1.17902
-1.3519
-0.910717
-1.47442
0.663976
0.0345776
-1.78083
1.24983
0.786349
-0.956799
-0.889507
-1.49875
-0.0220673
1.25071
1.71015
1.43556
0.698136
-0.880995
-0.0676094
0.998664
1.066
0.892178
1.00992
0.456648
0.294482
0.486032
0.285685
-0.257719
-0.235001
-0.926971
-0.666307
0.103592
0.769959
1.05184
-1.20764
0.840833
1.54077
0.106575
1.5869
-1.29018
1.18106
-1.56586
1.37352
1.27973
1.00502
-0.0162868
0.98228
-1.11955
-1.0174
0.0951819
1.14814
0.913935
0.671418
0.757382
1.15189
0.552373
-0.446698
0.250762
-0.146583
0.306256
-0.661113
-0.66012
-0.929321
-0.542441
-0.950598
-1.30237
-0.940674
-1.47815
1.00858
1.30108
-0.763009
-1.49632
0.163246
0.942837
1.25568
-1.59343
1.49873
1.63172
-1.57733
0.267051
1.03798
1.37123
0.603423
0.789859
0.16574
-1.04877
0.569893
-0.235156
0.0451972
-0.190693
0.237143
-0.182406
0.358014
-0.646543
-0.632997
-0.953383
-0.748071
-1.20009
-0.00215086
1.31404
-1.00584
1.33903
0.641666
-1.3815
1.69817
-0.631218
0.0971545
-1.59587
-1.95279
0.522795
-0.399315
0.813476
1.13251
1.56312
0.961832
1.10925
0.66937
0.512594
0.533596
0.354504
-0.436222
0.10769
0.122696
0.154948
-0.547662
0.713343
-0.57002
-0.882233
-0.262087
-1.14209
-0.923954
-1.61469
0.486237
1.27025
-1.67883
0.490854
-1.77199
-1.33133
1.49167
2.09849
-0.974345
0.364117
-0.588768
0.214752
-1.40368
-1.18847
0.686611
0.0251463
0.532291
-0.536685
0.424079
0.165091
0.557064
-0.0163816
-0.433619
0.00194457
-0.624073
-0.529729
-1.08079
-1.33642
-1.21674
1.0016
1.23171
-1.52036
1.41808
-1.39324
1.04117
-0.871884
0.970613
1.11825
1.39033
1.54567
-1.71031
-0.853325
-1.07956
1.24232
0.262157
1.15359
1.02742
0.66805
0.638751
-0.145213
0.101708
0.325501
-0.286413
-0.19015
0.4261
-0.614085
-0.385507
-0.960451
0.337091
-0.221219
-1.38383
0.959825
-1.55215
-1.42877
-1.82084
-0.20019
-1.5801
0.51695
1.5291
0.18557
-0.537485
0.283108
-0.426872
1.52759
1.27852
0.346837
1.095
0.743744
0.925926
0.479627
0.0596817
0.235803
-0.0214096
-0.0185756
-0.242452
-0.463395
-0.421713
-0.753085
-0.899633
-0.31553
-1.03862
-0.0962477
-1.38437
-1.54983
1.43721
-0.82783
-1.72414
-2.04768
-0.423736
-1.12442
-1.43561
1.52339
1.57866
-0.551756
-1.34169
0.875258
-0.985807
0.321528
1.20633
0.706942
-0.316103
0.482592
-0.31277
0.198178
-0.136333
-0.171801
-0.491872
-0.572729
0.0912911
0.716885
0.250579
0.495519
-1.19317
-1.44107
0.438393
-0.286209
1.34371
-0.646746
-0.406205
1.59861
-1.81436
0.669903
-1.02949
1.42118
1.01483
0.385226
-1.00208
0.756578
1.03107
0.71078
0.225543
0.275445
0.417852
0.179404
-0.256577
0.435467
-0.230463
-0.185039
-0.254313
-0.84729
-1.26507
-1.58417
0.177589
0.0302381
-1.14905
-1.60619
-0.585247
0.935579
-1.89804
0.886784
1.03683
0.101305
1.42512
-0.9298
0.281314
-0.154631
0.0106321
1.42933
0.950361
0.884803
0.580387
0.328361
-0.358095
0.117231
0.254274
-0.122265
0.592023
-0.216069
0.151818
-1.13446
-1.08428
-0.905809
-1.13858
-0.00500658
-0.953869
-1.08681
0.838594
-0.886678
1.65568
-0.855562
-1.71764
0.411553
-0.900971
-0.304377
0.875023
1.41466
0.160764
0.858015
0.918376
0.886127
-0.476328
0.584573
0.568894
0.194403
-0.210279
-0.0351248
-0.193701
-0.921538
-0.580553
-0.865834
-0.844048
-1.08316
0.948176
-1.36763
1.36425
-0.466894
-1.32603
0.552797
-1.12622
-1.61725
-1.40296
1.17359
1.14634
-0.562106
1.56483
-1.42761
0.893969
0.872378
1.05113
0.888738
0.555517
0.714863
0.734061
0.132177
-0.294449
-0.159684
-0.584856
-0.822257
-0.890021
0.782181
-0.516604
-1.08296
0.600614
-1.47095
-1.62035
1.55968
1.46744
-1.34849
-1.71385
0.685727
-0.805183
1.46451
-0.336949
-0.944432
-0.570244
1.36241
1.04252
-1.27233
0.837933
1.22631
0.900763
0.553379
0.45917
0.593567
-0.0778163
-0.240189
-0.243795
0.182707
-0.581088
-0.0874077
-1.22565
-1.34626
-1.5614
0.693337
0.803356
-0.642739
0.29576
0.827475
1.33131
1.47529
-1.66053
0.419784
0.929606
1.19177
-0.72115
1.04593
1.33756
0.142493
1.0004
-0.71319
0.759719
0.17383
0.217497
-0.00142454
-0.143591
-0.282173
-0.405794
-0.782699
-0.901799
-1.01082
1.29276
-1.23666
0.304211
-0.245259
1.16781
-1.14833
1.75258
1.96909
-1.12651
1.41209
1.16503
1.10251
1.61686
1.3311
0.134712
-1.22953
1.09168
1.17285
1.06937
0.615994
-0.52294
-0.0922806
-0.0544387
-0.138628
-0.439761
-0.186032
-0.355548
-0.561522
-0.717932
-1.06523
-1.27379
-1.12127
-0.835631
-1.93909
-1.03653
1.33873
-1.32872
0.432806
1.07319
-1.3377
-0.195255
-1.40382
-1.1094
1.31172
0.854864
-0.268662
-0.510466
-0.0124597
0.898999
0.440211
0.556639
-0.0938325
-0.312311
-0.343776
0.189356
-0.324748
-0.599683
-0.899058
0.925696
0.44315
-0.870775
-1.44069
-1.02022
0.833645
-0.779652
-0.23139
1.27268
1.0042
-0.785897
0.527139
1.43022
1.26608
-0.614277
1.50048
1.1847
1.46398
-0.857704
0.618466
0.153283
0.656486
0.0686102
0.405099
-0.0492058
-0.513975
-0.353465
-0.511962
-0.0431063
-0.766927
-0.922515
-1.35726
-1.35336
-1.42128
-0.217055
1.46785
1.38453
-0.616398
-1.46435
1.73089
-1.16949
-1.54927
1.44621
-1.57697
-1.48864
0.737284
0.914148
1.02016
0.636051
0.528371
0.616497
0.438773
-0.0317513
-0.293513
-0.245828
-0.59488
-0.999714
-1.03597
-1.10822
-1.2113
-1.56393
-1.13199
-1.34874
-1.27402
0.245191
0.00438259
1.24477
-0.215747
-0.903211
-1.72212
1.46371
1.50015
-0.11972
1.38577
0.582918
0.783284
-0.737997
0.971571
0.676301
0.366156
0.356362
0.0598134
-0.0422616
-0.190164
-0.271156
-0.96284
-0.941502
-1.05109
-0.115643
0.46699
0.727855
-0.950148
-0.705114
1.6359
1.41497
-0.660992
-1.79051
-1.6679
-1.28617
1.79312
0.772978
1.21022
1.69428
-0.695671
1.23951
0.863731
0.712128
0.376232
0.537337
-0.0503254
0.198351
-0.11508
-0.465529
0.334215
-0.139988
-0.918367
-1.25003
-0.222076
-0.92765
-0.96391
-1.70385
-0.394052
-1.18601
-0.230115
-0.946287
-0.6661
-0.413599
-1.56712
-1.20771
-0.572607
0.972814
0.877808
0.960281
1.34027
0.759234
-0.0296631
0.63339
0.0436093
-0.143349
-0.276534
0.447512
-0.541669
0.074738
0.809759
-0.197305
-1.1528
-0.14858
0.978156
1.4454
1.11154
1.60376
0.581929
-0.650298
-0.883158
1.38498
1.88591
0.853391
1.13567
0.153403
1.31849
-1.27056
0.941906
0.222073
0.458313
0.725261
0.327902
-0.204843
-0.0163335
0.51181
0.232221
0.682676
-0.899711
-0.830328
0.634697
0.623104
-1.45163
-0.0897902
1.12094
-1.03477
0.377892
-1.41739
-0.902871
-0.831854
-0.992278
0.793624
-1.13583
-1.65389
-0.817319
0.661448
1.05791
1.08991
-1.03767
0.838756
0.375204
-0.00294185
0.375256
0.0601059
-0.255749
-0.689152
-0.708321
0.0456219
-0.13747
-1.20037
-0.768253
0.986422
-1.81889
-0.864212
-1.42291
1.23029
-1.09765
0.0893451
-1.16256
1.15863
1.58838
1.19922
1.30454
-1.17245
-1.02756
1.17128
0.742277
0.222778
0.655284
0.00242103
0.0157439
-0.344299
-0.319912
-0.33767
-0.546734
-1.20873
-1.16894
-0.831178
-0.00951761
0.691294
0.674233
-0.0476558
-0.885608
-1.18742
1.43966
-1.27961
1.38566
0.996802
1.40347
-1.13589
1.31058
0.977931
0.875861
0.92405
0.724054
0.742973
0.292954
0.340702
-0.221771
0.0426507
-0.363325
-0.789955
0.537729
-0.814673
-0.748491
-1.20127
0.461127
1.00288
-1.24605
-1.90855
1.15908
1.4778
-1.4435
-0.162273
0.698063
-1.29547
-1.00981
1.64991
0.971679
0.938784
-0.198978
0.998938
1.09045
-0.473353
0.479571
0.00889531
-0.256778
-0.0493387
-0.666387
0.461737
-0.69876
0.481978
-0.862448
-1.3875
-1.54506
-1.24109
1.30763
-0.60516
-1.45735
-1.89537
1.90611
1.36917
-1.36215
1.40207
0.822709
1.3922
1.24728
-0.755594
1.37821
-0.453529
0.822217
0.382344
0.346684
0.135333
0.0270937
-0.166002
-0.411598
-0.278717
-1.03998
-0.828402
-1.47061
-0.447306
-1.28008
-0.863775
1.30502
-0.0828221
0.811945
-1.61546
0.990073
1.39547
1.56035
-1.02109
0.0819927
1.27718
1.36867
-0.902466
1.04034
-0.886449
0.817578
0.133728
-0.160148
0.06662
-0.210253
-0.717937
-0.273871
0.421773
-1.26523
0.105526
-1.43458
-1.32609
0.333391
-0.328236
-1.38737
-1.25417
-0.608764
-0.390473
0.278388
0.625648
1.28633
1.61237
1.32944
0.039457
1.21668
-0.464791
0.728047
1.16403
0.375791
-0.0935226
0.0907745
0.266997
-0.238707
-0.54123
-0.62918
-0.826131
0.746758
0.488278
1.35128
1.13377
-1.37103
1.48088
0.37977
-1.92829
0.0130306
0.764374
-0.61335
-0.996196
-0.576544
-1.29721
1.28308
0.874333
1.28748
0.172833
0.755647
0.622238
0.437456
0.163825
-0.197025
-0.188264
-0.215945
-0.825945
0.514544
-1.00922
0.359947
-1.32288
-0.294727
-1.40171
-1.59339
0.509254
0.732969
-0.0114744
0.976372
0.0928258
-0.214287
-0.512561
1.60841
1.27582
-0.0334376
-1.11407
1.18361
0.615826
0.519631
0.323432
0.434599
0.0109274
-0.238586
0.00102237
-0.698069
-0.881074
-0.865936
-0.0960841
-1.125
-1.09355
-0.562976
0.441741
0.659979
1.62348
1.81521
1.25486
-0.979136
1.26908
-1.16448
-0.604695
-0.39708
1.32918
1.49711
-0.4569
0.504875
-0.254053
0.322876
0.488555
0.166763
-0.460001
-0.451778
-0.83226
-0.42411
-1.12674
0.248988
-1.28623
-1.63443
-1.14954
-0.69218
-0.024208
-1.16862
0.552958
1.21102
1.37797
0.408843
0.587569
-0.00278156
1.3024
1.29547
1.13725
1.21703
0.726738
0.480754
0.467562
-0.137496
-0.293585
0.29797
-0.355287
-0.548719
-0.716976
-1.12137
0.882304
-1.22651
-1.42831
0.82465
0.632979
1.6726
1.09319
1.25391
-1.73921
1.48036
1.38316
2.0099
1.1187
1.49643
1.16976
0.809354
1.15546
0.552167
-0.570449
-0.268531
-0.0558407
0.14995
-0.113126
0.591009
0.511078
-0.558219
-0.0948949
-1.15712
-1.4556
1.09774
-1.49668
1.3656
0.944644
-0.118133
0.267077
-1.23325
-1.5611
0.418632
-0.263244
0.327962
1.32594
1.31925
-0.536821
-0.614614
0.504313
-0.104826
0.352613
0.177574
-0.179515
0.339354
-0.597955
-0.574888
-1.16317
-1.34734
-1.34461
-1.58351
0.373149
-0.101744
-0.923911
-0.649368
-1.55729
1.03208
1.634
-1.27445
1.28623
1.38307
1.40636
-0.741621
-0.355478
1.00933
0.752068
0.895067
-0.169933
0.47643
-0.209406
-0.1034
-0.307729
-0.799554
-0.656217
-1.28608
-1.1398
-0.17343
0.422534
-1.15842
-0.687597
1.70896
1.65077
0.374162
0.332357
-1.68487
0.873562
0.469555
1.81439
1.66249
-0.0983215
0.775243
0.735991
0.713616
0.678395
0.410357
-0.293362
-0.652425
0.375316
-0.568329
-0.0265176
-0.720419
-1.00846
-1.30086
-1.40972
-0.665047
1.33052
1.27327
-0.0662168
-1.11225
0.354941
-0.34926
0.669037
1.29744
0.504231
0.242085
1.50067
0.482928
0.944726
0.268495
0.344891
-0.286597
0.256633
-0.181838
-0.517117
-0.435972
0.416542
0.907391
-0.787009
0.650929
-0.957864
-1.31822
-1.14698
1.03591
-1.32824
1.05116
1.02184
1.22951
1.27011
-0.0739718
1.27978
0.970163
1.1905
1.39455
0.962206
0.612764
0.580213
0.426169
0.165753
0.186108
0.105711
-0.680758
-0.892889
-0.874787
-1.21965
0.0434225
-1.21211
-0.92043
-1.09756
-1.48494
-1.11376
-1.59777
0.920035
-0.285534
-1.57956
-1.24233
-0.635837
-1.00703
0.0267468
-0.794476
1.07477
0.537879
0.46948
0.276918
-0.422849
-0.608918
-0.157721
-0.365699
-0.618345
-0.630972
1.12629
-1.422
-1.04478
1.07983
-1.45466
-1.19402
1.42438
-0.767894
1.73146
0.330328
0.269015
1.05169
-1.37353
1.16803
-0.826848
1.24631
0.825782
0.732344
0.414262
0.108019
0.39683
0.135012
-0.262316
0.148165
-0.455936
-1.20101
-0.963934
-0.892874
-1.30658
1.38093
-0.430543
-1.26967
-1.04229
-1.6699
1.004
-0.934396
1.67499
-1.21622
1.33329
1.26359
-1.43018
0.786228
1.0577
0.659558
0.768733
0.0628501
0.38141
0.133353
-0.473395
-0.333092
-0.771154
-1.03796
-1.06941
-1.06205
-1.46806
0.252984
1.85221
1.26405
-0.0838965
-0.650286
-0.837313
0.266314
-1.22869
1.23366
0.0296081
1.13298
1.08819
-0.570281
-0.770909
0.766429
0.751998
0.331683
-0.144418
0.117545
0.294656
-0.66646
-0.584052
-1.42784
0.449475
-0.590563
-1.51304
-1.72921
-1.19721
1.26151
1.10069
0.396478
0.792221
-1.25814
0.612819
1.28626
1.38275
0.865828
1.37645
0.898307
-0.088759
-0.0924331
0.212905
0.160776
-0.0131796
0.0090697
-0.254803
-0.654841
-0.890147
-0.743978
-0.953167
-0.836731
-0.860608
0.445256
-1.61148
1.93734
0.908068
0.838044
1.07808
1.00674
0.990989
0.996613
-0.862227
-0.666534
1.10078
-0.0853553
0.986697
0.748772
0.236155
0.154634
-0.528904
-0.456875
-0.602326
-0.840448
-0.80825
-0.944593
-1.36108
-0.514136
-0.671241
-0.106122
-0.361816
-1.04228
1.66739
1.74063
-1.07034
-1.03978
1.44462
1.68735
0.977778
1.22073
0.511918
1.11165
0.402379
0.178605
0.373466
-0.00754346
-0.100967
-0.226343
-0.674494
-1.29325
-1.25097
-0.999727
0.598614
-0.918006
-1.69036
0.951703
-0.70492
-0.614661
0.963184
-1.44719
1.53393
0.734978
1.23613
0.84619
-0.821978
0.719404
1.01127
-0.738377
0.456029
0.183911
0.453759
-0.463939
-0.711255
-0.683903
0.632161
-0.823136
0.0518913
-0.787714
1.31179
-0.954613
-1.74772
0.120172
-0.709713
1.57248
-1.63573
-1.14956
1.40618
0.8523
1.42914
0.99523
0.134058
1.16755
0.806327
0.836545
0.453638
0.228065
-0.281753
-0.0657497
-0.474177
-0.821409
-0.90786
-0.260026
-1.08057
-1.64118
-1.39525
0.895955
0.145174
-1.56666
-1.50343
-0.457563
-0.665581
1.42422
1.38371
0.738242
-0.397188
1.32582
0.692039
0.975803
0.454444
0.326953
-0.202479
0.0705361
-0.682728
0.451241
0.600636
-0.808285
1.01434
-0.857629
0.929715
-1.12853
0.776125
-0.694249
-1.31299
