-0.385497
-0.673604
-0.497641
-0.481389
-0.511903
-0.477152
-0.468407
-0.517643
-0.507912
-0.529905
-0.499539
-0.499261
-0.499829
-0.496973
-0.505108
-0.500448
-0.499591
-0.496445
-0.497404
-0.497502
-0.497983
-0.501251
-0.49978
-0.491005
-0.494451
-0.49435
-0.494547
-0.490768
-0.490661
-0.483595
-0.48145
-0.478118
-0.478166
-0.481366
-0.47568
-0.473031
-0.474096
-0.471765
-0.470082
-0.469944
-0.469473
-0.473645
-0.474949
-0.477059
-0.480169
-0.479583
-0.478688
-0.482434
-0.478711
-0.48195
-0.478072
-0.475765
-0.475932
-0.472647
-0.468122
-0.464261
-0.464716
-0.460069
-0.457447
-0.456909
-0.458992
-0.454978
-0.454437
-0.457358
-0.458595
-0.456867
-0.457052
-0.456128
-0.459203
-0.450823
-0.448123
-0.447282
-0.446145
-0.44631
-0.446727
-0.450269
-0.447381
-0.450547
-0.449483
-0.449626
-0.449639
-0.452948
-0.442165
-0.444598
-0.439513
-0.442521
-0.43951
-0.439634
-0.439223
-0.433104
-0.430405
-0.429191
-0.43402
-0.428178
-0.42788
-0.426917
-0.424048
-0.431094
-0.426338
-0.429703
-0.431211
-0.432227
-0.432101
-0.42912
-0.426716
-0.428435
-0.425593
-0.425113
-0.422428
-0.422494
-0.423718
-0.423805
-0.42531
-0.424385
-0.418725
-0.41553
-0.414664
-0.414582
-0.416543
-0.420719
-0.417401
-0.411464
-0.409561
-0.41177
-0.411696
-0.411141
-0.410268
-0.41392
-0.414321
-0.410849
-0.413344
-0.409033
-0.406401
-0.405027
-0.405022
-0.399431
-0.397797
-0.400808
-0.39837
-0.398766
-0.399529
-0.399064
-0.39806
-0.395059
-0.384099
-0.384331
-0.384879
-0.38317
-0.381402
-0.381349
-0.384016
-0.380584
-0.387176
-0.382293
-0.379855
-0.376677
-0.3752
-0.375106
-0.377358
-0.377161
-0.379496
-0.378665
-0.384889
-0.382018
-0.380142
-0.380332
-0.379988
-0.387328
-0.386508
-0.381166
-0.375895
-0.376255
-0.370332
-0.371231
-0.371214
-0.372586
-0.363979
-0.365268
-0.365189
-0.370078
-0.365669
-0.366062
-0.365127
-0.365094
-0.363304
-0.368818
-0.369815
-0.367773
-0.360811
-0.354917
-0.356286
-0.35726
-0.356542
-0.358969
-0.353734
-0.354258
-0.348784
-0.345887
-0.34217
-0.344146
-0.34331
-0.34326
-0.343326
-0.346191
-0.346216
-0.3419
-0.338042
-0.33672
-0.339962
-0.342375
-0.342601
-0.34489
-0.341422
-0.343408
-0.342525
-0.342432
-0.335746
-0.335004
-0.336117
-0.335715
-0.336834
-0.338872
-0.333361
-0.33219
-0.327081
-0.329328
-0.327703
-0.324745
-0.326044
-0.325811
-0.326583
-0.324715
-0.323821
-0.311081
-0.315489
-0.316739
-0.312341
-0.31182
-0.311339
-0.309557
-0.30981
-0.30673
-0.306372
-0.312155
-0.314556
-0.311456
-0.318352
-0.315364
-0.315278
-0.315025
-0.315495
-0.317042
-0.315344
-0.316194
-0.314482
-0.310416
-0.306826
-0.302473
-0.298935
-0.297662
-0.297517
-0.298764
-0.298837
-0.289511
-0.286928
-0.294657
-0.295464
-0.289213
-0.286342
-0.286493
-0.284274
-0.283008
-0.283744
-0.287087
-0.288783
-0.286133
-0.284556
-0.290153
-0.286164
-0.28189
-0.281549
-0.283253
-0.282208
-0.282676
-0.283494
-0.277953
-0.285485
-0.275569
-0.280043
-0.277606
-0.273451
-0.271139
-0.273734
-0.274407
-0.274469
-0.27391
-0.275752
-0.277884
-0.2728
-0.269951
-0.270963
-0.269426
-0.271784
-0.270047
-0.270211
-0.269776
-0.269553
-0.271926
-0.27134
-0.266582
-0.262352
-0.264819
-0.266464
-0.259964
-0.254106
-0.252698
-0.256519
-0.256755
-0.256962
-0.259653
-0.259966
-0.254296
-0.251712
-0.25333
-0.241101
-0.238712
-0.233515
-0.230404
-0.232679
-0.231184
-0.231147
-0.232726
-0.232496
-0.232872
-0.23476
-0.24171
-0.240414
-0.24481
-0.243068
-0.240139
-0.236382
-0.237409
-0.236851
-0.237647
-0.235878
-0.235662
-0.238018
-0.236553
-0.238525
-0.234133
-0.228158
-0.224692
-0.228177
-0.227418
-0.230281
-0.229047
-0.229681
-0.228743
-0.227536
-0.227589
-0.228095
-0.226747
-0.218789
-0.211898
-0.209238
-0.213875
-0.20862
-0.210988
-0.210079
-0.210971
-0.210648
-0.211121
-0.211684
-0.208481
-0.208015
-0.207687
-0.206006
-0.202117
-0.202451
-0.21382
-0.213214
-0.203974
-0.198701
-0.195993
-0.196563
-0.194919
-0.196904
-0.194097
-0.188868
-0.186936
-0.187344
-0.187387
-0.188957
-0.193754
-0.191112
-0.190797
-0.193471
-0.195814
-0.197209
-0.189931
-0.188713
-0.186737
-0.181873
-0.181078
-0.182514
-0.182422
-0.179847
-0.181055
-0.181138
-0.181691
-0.182697
-0.182937
-0.182663
-0.178922
-0.179781
-0.168703
-0.166932
-0.16807
-0.168265
-0.169844
-0.167207
-0.166843
-0.164902
-0.161398
-0.159767
-0.158024
-0.159915
-0.158918
-0.159096
-0.158353
-0.162539
-0.167521
-0.172749
-0.17304
-0.165723
-0.170968
-0.17132
-0.172269
-0.167713
-0.160316
-0.157662
-0.153913
-0.156715
-0.154716
-0.155469
-0.154002
-0.152121
-0.152072
-0.152679
-0.155226
-0.150326
-0.152062
-0.1417
-0.145579
-0.148493
-0.146849
-0.148749
-0.146438
-0.141649
-0.134834
-0.127047
-0.131339
-0.130418
-0.12894
-0.12328
-0.120084
-0.12241
-0.124073
-0.123011
-0.120968
-0.11742
-0.1173
-0.117137
-0.118081
-0.120064
-0.123238
-0.117949
-0.124525
-0.121002
-0.124106
-0.128404
-0.128285
-0.123663
-0.123625
-0.125806
-0.126705
-0.125956
-0.122959
-0.116154
-0.112578
-0.117947
-0.121307
-0.120188
-0.114967
-0.11259
-0.1066
-0.106337
-0.1067
-0.105077
-0.105086
-0.105965
-0.109443
-0.104
-0.101124
-0.0965551
-0.0968698
-0.103434
-0.105067
-0.105102
-0.111351
-0.108656
-0.103951
-0.108839
-0.108962
-0.10853
-0.103654
-0.104213
-0.104082
-0.107399
-0.109045
-0.106505
-0.107785
-0.106833
-0.10644
-0.10713
-0.11106
-0.108778
-0.107948
-0.107501
-0.107554
-0.107347
-0.108168
-0.110441
-0.113947
-0.121412
-0.120223
-0.122389
-0.124297
-0.124883
-0.133222
-0.132903
-0.13005
-0.122809
-0.124169
-0.123956
-0.120461
-0.121854
-0.124047
-0.125531
-0.122802
-0.121988
-0.121706
-0.122013
-0.122019
-0.12408
-0.127683
-0.138038
-0.140894
-0.140576
-0.149713
-0.148002
-0.148389
-0.149714
-0.151048
-0.148906
-0.14695
-0.144125
-0.142058
-0.141349
-0.142654
-0.140593
-0.142002
-0.141014
-0.141002
-0.14183
-0.143147
-0.147062
-0.15158
-0.15891
-0.160576
-0.163037
-0.159481
-0.163291
-0.161271
-0.16992
-0.167118
-0.168661
-0.173682
-0.173423
-0.170346
-0.167937
-0.167963
-0.168689
-0.171498
-0.171764
-0.175263
-0.182571
-0.180034
-0.1812
-0.183774
-0.176311
-0.171889
-0.172744
-0.176634
-0.172294
-0.174178
-0.174989
-0.1731
-0.173733
-0.173907
-0.176731
-0.179997
-0.177688
-0.186708
-0.188005
-0.192477
-0.187995
-0.185221
-0.183543
-0.184597
-0.18752
-0.188056
-0.18804
-0.190073
-0.187866
-0.187436
-0.188357
-0.190528
-0.198099
-0.195844
-0.193524
-0.197365
-0.200043
-0.203885
-0.207792
-0.206825
-0.206481
-0.205914
-0.2024
-0.201062
-0.200941
-0.201431
-0.202976
-0.212652
-0.216056
-0.222051
-0.219578
-0.218114
-0.215791
-0.2149
-0.21202
-0.209616
-0.211503
-0.209973
-0.209966
-0.210451
-0.214247
-0.211793
-0.22236
-0.232772
-0.22547
-0.229269
-0.226681
-0.228411
-0.228901
-0.228203
-0.229003
-0.228147
-0.228228
-0.226369
-0.234459
-0.23553
-0.233694
-0.23431
-0.234406
-0.232145
-0.230449
-0.23083
-0.229967
-0.227499
-0.227387
-0.226631
-0.228473
-0.231795
-0.239238
-0.242272
-0.240012
-0.240463
-0.242766
-0.248321
-0.252857
-0.248876
-0.24701
-0.24555
-0.245849
-0.241988
-0.249134
-0.253093
-0.259999
-0.257321
-0.256753
-0.254791
-0.25871
-0.257586
-0.257603
-0.257562
-0.257525
-0.257664
-0.254358
-0.254549
-0.257914
-0.25326
-0.258134
-0.25365
-0.253824
-0.255526
-0.258414
-0.257864
-0.257759
-0.260112
-0.261695
-0.271934
-0.276512
-0.277966
-0.280178
-0.276621
-0.275918
-0.275451
-0.275742
-0.275732
-0.279961
-0.282955
-0.289928
-0.293093
-0.29005
-0.284618
-0.285036
-0.286837
-0.284572
-0.283727
-0.284213
-0.28676
-0.294912
-0.303467
-0.304221
-0.304327
-0.301511
-0.299332
-0.296747
-0.296162
-0.296493
-0.301128
-0.299364
-0.30211
-0.302381
-0.298599
-0.298326
-0.30121
-0.299652
-0.298925
-0.299518
-0.29745
-0.296557
-0.293633
-0.299626
-0.300956
-0.307133
-0.30793
-0.310536
-0.311232
-0.309266
-0.311103
-0.314073
-0.31905
-0.324843
-0.320785
-0.321102
-0.32229
-0.318209
-0.318391
-0.318385
-0.315704
-0.31488
-0.313832
-0.315142
-0.321462
-0.325845
-0.329246
-0.329625
-0.331275
-0.331539
-0.328052
-0.326542
-0.326727
-0.329504
-0.333784
-0.332245
-0.332369
-0.330569
-0.330379
-0.326677
-0.331452
-0.33166
-0.342365
-0.34701
-0.343711
-0.342512
-0.341682
-0.341792
-0.344175
-0.337761
-0.342372
-0.347653
-0.344286
-0.347378
-0.348035
-0.34685
-0.346379
-0.347038
-0.347147
-0.349768
-0.343989
-0.343046
-0.343891
-0.344527
-0.346263
-0.346261
-0.346125
-0.352698
-0.361897
-0.363965
-0.366929
-0.365604
-0.364011
-0.364009
-0.3653
-0.361808
-0.361616
-0.356039
-0.366586
-0.365826
-0.365764
-0.3646
-0.364826
-0.363963
-0.366841
-0.375187
-0.377124
-0.384476
-0.385172
-0.383459
-0.383637
-0.3852
-0.380108
-0.385198
-0.385737
-0.382306
-0.375656
-0.375099
-0.375131
-0.376582
-0.38088
-0.387682
-0.390304
-0.387112
-0.39039
-0.387284
-0.387442
-0.389685
-0.390129
-0.39432
-0.401138
-0.399935
-0.398396
-0.400411
-0.400798
-0.401774
-0.398604
-0.399895
-0.399445
-0.395552
-0.396537
-0.397073
-0.397763
-0.40025
-0.404485
-0.400282
-0.402953
-0.403965
-0.405199
-0.403434
-0.403572
-0.406763
-0.407648
-0.41022
-0.411691
-0.411707
-0.409452
-0.40945
-0.406433
-0.409913
-0.415617
-0.415502
-0.415155
-0.412629
-0.41185
-0.411687
-0.414472
-0.425755
-0.422025
-0.422854
-0.429519
-0.429043
-0.430283
-0.433997
-0.440137
-0.437613
-0.438705
-0.434249
-0.434812
-0.433852
-0.435364
-0.433439
-0.43591
-0.439128
-0.440707
-0.439132
-0.438864
-0.436526
-0.436531
-0.432402
-0.432546
-0.434533
-0.433694
-0.434102
-0.43532
-0.43888
-0.449116
-0.453926
-0.45135
-0.453041
-0.453043
-0.458121
-0.45616
-0.450964
-0.450268
-0.451763
-0.449247
-0.449931
-0.453646
-0.463957
-0.468034
-0.469409
-0.464996
-0.463587
-0.463926
-0.463847
-0.462212
-0.464949
-0.461481
-0.461001
-0.460121
-0.459178
-0.455862
-0.454953
-0.458166
-0.459378
-0.461496
-0.461302
-0.462742
-0.467306
-0.468667
-0.47589
-0.475743
-0.476341
-0.476906
-0.477394
-0.480988
-0.478242
-0.481315
-0.478268
-0.478264
-0.480085
-0.488264
-0.489424
-0.482549
-0.481205
-0.480402
-0.479012
-0.47998
-0.488919
-0.487842
-0.485954
-0.484429
-0.484147
-0.48968
-0.49476
-0.498192
-0.493529
-0.491663
