2.22245
1.68394
1.19598
0.261005
-0.982314
-1.3743
-2.32418
-1.79021
-1.39409
0.0176391
0.0867224
1.43465
2.0784
2.2439
1.35469
0.849008
-0.242536
-1.02749
-1.9709
-2.06389
-1.77593
-0.908609
-0.0938603
0.385014
1.92946
2.01571
1.94568
1.60846
0.588338
-0.00678872
-1.06615
-1.43213
-2.04439
-1.6291
-1.48138
-0.535897
0.593584
1.21819
1.6801
2.09242
1.79295
0.875852
0.0224803
-1.01411
-1.92971
-1.9074
-2.05027
-1.20236
-0.675315
0.62128
1.07937
1.59955
1.97217
2.00464
1.40171
0.573812
-0.544294
-0.999369
-1.5169
-2.27436
-1.71066
-1.43659
-0.480608
0.650583
1.44877
1.70711
1.95147
1.86528
1.02029
0.700612
-0.347651
-1.22873
-1.72064
-1.81892
-1.83435
-1.119
-0.57225
0.626192
1.23481
1.8741
1.9779
1.55951
1.76032
0.441517
-0.0710172
-1.33877
-1.46347
-2.1127
-1.98075
-1.81626
-1.00014
-0.11926
1.11572
1.09294
1.91316
2.30315
1.99509
0.899823
0.576362
-0.671403
-1.42757
-1.99268
-1.89986
-2.15363
-1.53012
-0.590545
0.0667005
0.988179
1.42995
2.0372
1.84177
1.68516
0.96691
0.232404
-0.30934
-1.08157
-1.73024
-1.94452
-1.76894
-1.25486
-0.861837
-0.252491
0.674264
1.64843
1.9278
2.30555
1.91262
1.14506
0.495676
-0.13451
-1.24421
-1.31939
-1.43507
-2.26389
-1.74575
-1.46293
-0.62405
0.432316
0.905764
1.68732
2.15507
2.13856
1.82624
1.36984
1.12122
-0.0621671
-0.873016
-1.36355
-1.70151
-2.2513
-1.73634
-1.70934
-0.605485
-0.313345
0.499582
1.07144
1.63862
2.02815
1.69119
1.73349
1.05682
0.458446
-0.72959
-0.993852
-1.54041
-2.04874
-2.1403
-1.29165
-1.20211
-0.726395
-0.0823757
0.905275
0.999978
1.994
2.11237
1.83761
2.04252
1.08525
0.434553
-0.628453
-0.808204
-1.65873
-1.83663
-2.08709
-2.03732
-1.20684
-0.726019
-0.126465
0.245842
0.791134
1.81017
2.2001
2.23869
1.69963
1.6605
0.84201
0.46397
-0.281433
-0.814872
-1.75673
-1.84589
-2.17239
-1.97946
-1.48535
-1.05189
-0.6144
0.0117582
0.766109
1.68215
2.14692
2.17523
1.71571
1.92181
1.1627
0.634106
-0.100574
-0.349383
-1.23894
-1.87011
-1.95769
-1.79467
-1.73109
-1.72189
-1.02713
-0.625026
0.390668
0.829299
1.23013
1.99309
1.99495
1.93546
1.94861
1.48467
1.56106
0.277123
-0.297359
-0.57487
-1.32904
-1.74476
-1.71296
-1.99989
-2.21976
-1.71681
-0.952308
-0.416134
-0.0292323
1.20161
1.19321
1.7976
2.01054
1.87822
1.80475
1.64807
1.0306
0.536654
0.0730471
-0.484672
-0.896636
-1.30412
-1.74653
-1.89227
-1.908
-1.8365
-1.93618
-1.29491
-0.22384
0.151667
0.297264
0.948487
1.5913
1.65312
1.70542
1.92191
1.67934
1.47561
1.21204
0.673273
-0.30638
-0.39851
-0.812683
-1.48742
-2.0359
-1.78928
-1.93406
-1.85087
-1.8983
-0.906816
-1.16338
-0.000141755
0.234732
0.594959
1.12289
1.91096
2.04798
2.13437
2.09919
1.7264
1.37403
1.2439
0.720012
0.0016801
-0.407692
-1.17864
-1.34182
-1.82015
-1.93542
-2.2524
-1.76389
-1.76567
-1.60789
-1.22441
-0.44048
0.115493
0.140909
0.541783
1.21687
2.03387
1.99245
2.19696
1.65345
1.8486
1.85217
1.40292
0.783986
1.07497
0.237111
-0.0157411
-0.538291
-1.32418
-1.43503
-1.83232
-2.26844
-1.82906
-2.03571
-1.81519
-1.30597
-1.23309
-0.504707
-0.252553
0.135754
0.492336
1.21664
1.48884
1.90742
1.74654
1.78199
1.73851
1.97923
1.54859
1.48119
1.25452
0.818051
-0.00888345
-0.273514
-0.979999
-1.14212
-1.62873
-1.75638
-1.82487
-2.2091
-1.99187
-1.99929
-2.09004
-1.8594
-1.44948
-0.707541
-0.792391
0.0333723
0.306592
0.848203
1.17197
1.57346
1.86852
1.62481
1.98275
2.24209
2.21431
2.14824
1.74389
0.899239
0.915513
1.01458
0.569627
0.0971308
-0.49399
-0.742149
-1.35363
-1.32196
-1.30401
-1.71876
-2.12968
-2.21497
-1.89486
-1.69763
-1.93076
-1.609
-1.16788
-0.771376
-0.375939
-0.500155
0.150988
0.461276
0.575577
1.1352
1.59795
1.73761
1.65236
2.24473
2.20839
2.01997
1.95313
1.85279
1.6617
1.57317
1.10546
1.47497
0.813698
0.311701
-0.0037219
-0.46245
-0.541774
-0.987645
-1.16317
-1.2716
-1.59081
-1.7242
-2.25009
-1.86617
-2.01196
-2.18556
-1.76551
-1.60211
-1.32594
-1.19512
-1.292
-0.387441
-0.223175
0.190433
0.176096
0.212901
0.747093
0.907
1.62221
1.49278
1.89684
1.80146
1.69778
1.96431
2.00192
1.8603
2.17495
1.7613
2.14386
1.42183
1.16549
1.11862
0.645373
0.584534
0.495958
0.429216
0.333345
-0.634368
-0.614762
-0.818709
-0.742079
-1.05479
-1.61231
-1.77342
-1.72645
-1.73796
-1.60665
-2.04021
-2.04012
-1.75235
-1.86797
-1.81481
-2.16303
-1.54218
-1.78525
-1.33943
-1.00242
-0.941084
-0.987276
-0.538686
-0.1334
0.0844492
0.251547
0.339867
0.267289
0.61358
1.40405
1.54318
1.44381
1.26128
1.56055
1.29905
1.88315
2.03684
1.69806
2.08594
1.89886
1.74905
2.30695
2.12765
2.17046
1.92568
1.49562
1.5177
1.42623
0.874556
1.10679
1.08603
0.349818
0.349007
0.156836
0.234564
-0.261069
-0.438791
-0.881502
-1.02763
-0.957119
-1.37603
-1.39867
-1.57918
-1.79535
-2.21172
-1.74189
-1.91704
-1.96061
-1.91124
-2.11393
-1.98766
-1.86812
-1.72483
-1.38757
-1.51513
-1.17346
-0.922059
-0.721233
0.0630095
-0.0601573
0.037741
-0.0624173
0.676539
0.833014
0.821455
1.34571
1.62632
1.78102
1.58385
1.83914
1.97351
2.1432
2.08602
1.79195
1.79539
1.42356
1.57668
1.48478
0.789818
0.892028
0.50724
0.121568
-0.232822
-0.328284
-0.602141
-0.783742
-1.05562
-1.36787
-1.73702
-1.62229
-2.09779
-1.88752
-2.09938
-1.92895
-1.97884
-1.79593
-1.64123
-1.27464
-1.16122
-0.7836
-0.760333
-0.0337255
-0.00115202
1.07307
0.736729
1.33154
1.93113
1.79253
1.63715
1.65971
2.14652
1.99812
1.86234
1.92449
1.59594
1.11732
1.15498
0.654204
0.156673
0.399041
-0.015889
-0.674504
-1.26491
-0.990365
-1.70881
-1.8731
-1.74358
-2.19939
-1.82847
-1.73916
-1.7765
-1.90144
-1.18087
-1.09799
-0.539015
-0.581095
-0.191424
0.205282
0.745152
1.26469
1.44688
1.67659
2.10507
1.68237
1.75092
1.91982
1.83818
1.43722
1.58488
1.32155
0.691876
0.27375
-0.289885
-0.81272
-0.938262
-1.32626
-1.59955
-1.48801
-1.77872
-1.974
-1.99078
-1.87803
-1.31823
-1.25364
-0.694829
-0.583974
-0.134107
0.218276
0.697672
0.912044
1.23172
1.88273
1.71545
2.03049
1.92049
1.67595
1.94939
1.10751
0.59718
0.866725
-0.0734596
-0.216786
-0.916592
-1.26969
-1.51978
-1.92621
-1.84954
-1.92051
-2.23429
-1.40319
-1.49134
-1.25252
-0.740173
-0.290387
0.0356624
0.487213
1.04387
1.32855
1.45401
1.88173
1.7548
1.60079
1.67862
1.32199
1.14984
0.942926
0.385042
-0.228849
-1.00048
-1.51478
-1.25945
-1.62367
-1.68984
-1.79714
-2.3532
-1.40765
-1.25527
-0.63591
-0.50199
0.0783864
0.477055
1.35204
1.41408
1.8008
1.9727
2.05072
1.93801
1.91952
1.4547
0.88452
0.774725
-0.214351
-0.211716
-0.936794
-1.49376
-1.99891
-1.87304
-1.82497
-1.69431
-1.68353
-0.944011
-0.606925
-0.124944
0.5303
0.721087
1.31803
1.68089
2.00608
2.07107
1.52629
1.53976
0.954026
0.500873
0.187795
-0.153977
-0.982431
-1.58317
-1.53306
-1.76567
-1.88487
-1.70973
-1.18834
-0.645322
-0.300055
0.296259
0.683734
1.16077
1.43023
1.81446
1.80489
1.49401
1.70084
1.07952
0.624053
0.26816
-0.454391
-1.23422
-1.37508
-1.72326
-2.24593
-2.28301
-1.85986
-1.6254
-0.768291
-0.331175
0.607406
0.982457
1.65045
1.90593
1.49618
1.59118
1.56212
1.10087
0.444649
0.217689
-0.589278
-1.2436
-1.24219
-1.91164
-2.01256
-2.18231
-1.72306
-1.31527
-0.667847
0.283375
0.961478
1.57646
1.81742
2.36726
1.95359
2.03483
1.49828
0.889238
0.0982219
-0.747086
-1.05597
-1.65132
-1.6721
-2.23771
-2.28153
-1.41488
-1.10295
0.0956205
0.713492
0.937467
1.53362
1.84087
1.87757
1.71949
1.90436
0.899718
0.10654
-0.208963
-1.24534
-1.67113
-1.78377
-2.54037
-1.88902
-1.56978
-0.887754
-0.606809
0.251137
1.02832
1.59692
2.16404
2.1217
1.98885
1.27386
0.517113
-0.0287296
-0.893982
-1.31751
-1.69914
-2.0805
-1.8485
-1.92981
-1.2469
-0.859794
0.712288
0.952214
1.58502
1.80685
1.87897
2.02544
1.41171
0.48701
-0.116876
-1.3015
-1.65637
-1.79036
-1.77197
-1.79223
-1.70768
-0.594689
0.0633949
0.601278
0.887743
1.77327
2.11632
1.88499
1.44867
0.689829
-0.00924783
-0.51442
-1.61247
-1.54292
-2.17434
-1.74626
-1.55036
-0.717772
0.321474
0.808401
1.4137
2.23179
1.80953
1.79919
1.51287
0.612773
-0.143031
-0.686517
-1.63816
-2.0682
-1.87146
-1.67885
-1.08101
-0.693786
0.434058
1.17796
1.8401
1.6286
2.00955
1.50493
0.994029
0.0851894
-0.756704
-1.41866
-1.6312
-1.55403
-2.17035
-1.29885
-0.43401
0.21621
1.0061
1.42825
1.83685
2.05971
1.55549
0.523777
0.268283
-0.765934
-1.98592
-1.91905
-1.58743
-1.47946
-0.744021
-0.221082
0.821784
1.14513
2.01304
2.34761
1.70025
1.28273
0.268366
-0.741054
-1.51009
-1.7158
-2.22209
-2.01297
-1.29772
-0.710544
0.330148
1.30168
1.70616
2.33322
1.84904
1.28472
0.120716
-0.751269
-1.21093
-2.10494
-2.09147
-1.43979
-1.22937
-0.544481
0.525061
1.49822
1.59116
1.81347
1.57211
0.629724
-0.152645
-1.04248
-1.32242
-1.70891
-1.95709
-1.55567
-0.859664
0.288432
0.843695
1.67098
1.57505
2.04484
1.6585
0.805456
-0.334379
-1.1788
-1.98331
-1.93183
-1.7696
-1.07867
-0.312338
1.03507
1.53222
2.09973
1.91098
1.55648
0.599656
-0.109925
-1.35662
-1.51937
-2.02209
-1.72528
-0.79492
-0.0744845
0.434022
1.43902
1.81791
2.19744
1.53868
0.328832
-0.307349
-1.12547
-1.68057
-2.25244
-1.40191
-0.766734
0.225244
0.767251
1.54792
